1786487967578 5.167751312255859 0
1786487970157 5.2649946212768555 1
1786487972732 5.264785289764404 2
1786487975306 5.735255241394043 3
1786487977880 5.125799179077148 4
1786487980455 5.590060710906982 5
1786487983032 5.5014519691467285 6
1786487985629 5.604527950286865 7
1786487988206 5.879541873931885 8
1786487990783 5.245883941650391 9
1786487993363 5.943015098571777 10
1786487995941 5.582961559295654 11
1786487998517 5.90583610534668 12
1786488001096 5.649811267852783 13
1786488003675 6.130161762237549 14
1786488006255 6.67557954788208 15
1786488008837 6.227702617645264 16
1786488011419 6.631041049957275 17
1786488014008 6.159021854400635 18
1786488016594 6.461931228637695 19
1786488019184 5.965770721435547 20
1786488021774 5.594393730163574 21
1786488024355 5.216855049133301 22
1786488026935 4.834397315979004 23
1786488029515 4.666638374328613 24
1786488032095 4.4073991775512695 25
1786488034674 4.215875625610352 26
1786488037255 3.807108163833618 27
1786488039835 3.4313762187957764 28
1786488042418 3.4636025428771973 29
1786488045012 3.4909911155700684 30
1786488047595 3.185302495956421 31
1786488050181 2.7616729736328125 32
1786488052762 2.770747661590576 33
1786488055348 2.898212432861328 34
1786488057932 2.7323379516601562 35
1786488060519 2.4304416179656982 36
1786488063106 2.4006381034851074 37
1786488065691 2.5656063556671143 38
1786488068273 2.4606058597564697 39
1786488070854 2.104923963546753 40
1786488073437 2.015570640563965 41
1786488076022 2.3450045585632324 42
1786488078607 2.0614864826202393 43
1786488081196 2.318619966506958 44
1786488083781 1.847787857055664 45
1786488086371 1.6141228675842285 46
1786488088962 1.7567689418792725 47
1786488091545 1.7890903949737549 48
1786488094127 1.6231482028961182 49
1786488096710 2.029566764831543 50
1786488099294 1.590807557106018 51
1786488101878 1.7198437452316284 52
1786488104458 1.7002869844436646 53
1786488107037 1.6591756343841553 54
1786488109622 1.6696546077728271 55
1786488112208 1.6449511051177979 56
1786488114797 1.7342233657836914 57
1786488117386 1.5684173107147217 58
1786488119980 1.753944993019104 59
1786488122567 1.9366300106048584 60
1786488125151 1.713244915008545 61
1786488127732 1.5839009284973145 62
1786488130313 1.8024098873138428 63
1786488132896 1.8299566507339478 64
1786488135479 1.5343042612075806 65
1786488138062 1.6603230237960815 66
1786488140646 1.5844097137451172 67
1786488143231 1.6272610425949097 68
1786488145815 1.633334994316101 69
1786488148404 1.6604640483856201 70
1786488150997 1.5485005378723145 71
1786488153591 1.761813998222351 72
1786488156172 1.5283368825912476 73
1786488158760 1.5746660232543945 74
1786488161341 1.4949092864990234 75
1786488163923 1.7143890857696533 76
1786488166505 1.510809302330017 77
1786488169088 1.7333511114120483 78
1786488171676 1.5968643426895142 79
1786488174258 1.7798926830291748 80
1786488176839 1.5528757572174072 81
1786488179423 1.9305610656738281 82
1786488182008 1.5736912488937378 83
1786488184592 1.5727554559707642 84
1786488187178 1.83992600440979 85
1786488189760 1.5376602411270142 86
1786488192341 1.8507308959960938 87
1786488194922 1.538158655166626 88
1786488197502 1.7598687410354614 89
1786488200080 1.7027583122253418 90
1786488202659 1.5611858367919922 91
1786488205239 1.7079559564590454 92
1786488207818 1.4796574115753174 93
1786488210402 1.4108458757400513 94
1786488212984 1.5025354623794556 95
1786488215566 1.4865621328353882 96
1786488218144 1.6977394819259644 97
1786488220723 1.6022557020187378 98
1786488223304 1.5918540954589844 99
1786488225887 1.4142274856567383 100
1786488228475 1.5256125926971436 101
1786488231063 1.43876051902771 102
1786488233647 1.4228804111480713 103
1786488236231 1.44983971118927 104
1786488238814 1.4903669357299805 105
1786488241398 1.5566514730453491 106
1786488243979 1.4080625772476196 107
1786488246569 1.424398422241211 108
1786488249154 1.386725664138794 109
1786488251737 1.5748364925384521 110
1786488254320 1.4317731857299805 111
1786488256903 1.499666452407837 112
1786488259479 1.3798917531967163 113
1786488262057 1.453111171722412 114
1786488264630 1.3672605752944946 115
1786488267216 1.3873728513717651 116
1786488269797 1.3616117238998413 117
1786488272376 1.434355616569519 118
1786488274957 1.5753629207611084 119
1786488277537 1.3837331533432007 120
1786488280118 1.4663151502609253 121
1786488282702 1.4785079956054688 122
1786488285286 1.751440167427063 123
1786488287867 1.3940250873565674 124
1786488290448 1.251097559928894 125
1786488293031 1.3766695261001587 126
1786488295613 1.3269100189208984 127
1786488298195 1.4190455675125122 128
1786488300775 1.83523428440094 129
1786488303360 1.307702660560608 130
1786488305954 1.813329815864563 131
1786488308537 1.2642863988876343 132
1786488311119 1.4420403242111206 133
1786488313702 1.3707267045974731 134
1786488316282 1.6693190336227417 135
1786488318863 1.5334213972091675 136
1786488321444 1.3704278469085693 137
1786488324025 1.4736177921295166 138
1786488326607 1.3964927196502686 139
1786488329190 1.6115832328796387 140
1786488331774 1.2718935012817383 141
1786488334358 1.3667386770248413 142
1786488336943 1.4443778991699219 143
1786488339529 1.3615297079086304 144
1786488342112 1.567870855331421 145
1786488344695 1.1711920499801636 146
1786488347275 1.2613826990127563 147
1786488349858 1.638053059577942 148
1786488352441 1.233010172843933 149
1786488355025 1.449096918106079 150
1786488357607 1.3742260932922363 151
1786488360188 1.4897582530975342 152
1786488362770 1.319456696510315 153
1786488365353 1.2993049621582031 154
1786488367939 1.163173794746399 155
1786488370526 1.386715292930603 156
1786488373110 1.1205503940582275 157
1786488375696 1.1873528957366943 158
1786488378280 1.1653555631637573 159
1786488380860 1.1783597469329834 160
1786488383442 1.104013442993164 161
1786488386024 1.1290336847305298 162
1786488388608 1.2188178300857544 163
1786488391188 1.155017375946045 164
1786488393768 1.1384515762329102 165
1786488396348 1.1894276142120361 166
1786488398934 1.2662558555603027 167
1786488401516 1.1960488557815552 168
1786488404100 1.339127540588379 169
1786488406684 1.3410019874572754 170
1786488409266 1.135222315788269 171
1786488411845 1.202264666557312 172
1786488414428 1.3929500579833984 173
1786488417014 1.4431400299072266 174
1786488419597 1.0517208576202393 175
1786488422177 1.3501172065734863 176
1786488424759 1.2621686458587646 177
1786488427340 1.4282381534576416 178
1786488429921 1.4578683376312256 179
1786488432500 1.2307018041610718 180
1786488435080 1.323326587677002 181
1786488437661 1.2459909915924072 182
1786488440243 1.183292031288147 183
1786488442826 1.3383139371871948 184
1786488445413 1.1158382892608643 185
1786488447999 1.1832330226898193 186
1786488450587 1.1646217107772827 187
1786488453196 1.0609313249588013 188
1786488455778 1.031646966934204 189
1786488458363 1.2585184574127197 190
1786488460946 1.2046655416488647 191
1786488463530 1.268749475479126 192
1786488466112 1.4387459754943848 193
1786488468696 1.3659790754318237 194
1786488471278 1.6019814014434814 195
1786488473863 1.305501937866211 196
1786488476445 1.4814485311508179 197
1786488479034 1.2780261039733887 198
1786488481617 1.5746023654937744 199
1786488484190 1.2656370401382446 200
1786488486765 1.3497711420059204 201
1786488489341 1.2985916137695312 202
1786488491922 1.464045763015747 203
1786488494504 1.1565144062042236 204
1786488497086 1.1468682289123535 205
1786488499668 1.2060836553573608 206
1786488502249 1.3198256492614746 207
1786488504833 1.5299408435821533 208
1786488507414 1.293245792388916 209
1786488509991 1.6227186918258667 210
1786488512574 1.2933335304260254 211
1786488515156 1.2786186933517456 212
1786488517742 1.374778151512146 213
1786488520331 1.357540249824524 214
1786488522919 1.2795259952545166 215
1786488525514 1.2705557346343994 216
1786488528104 1.3024452924728394 217
1786488530690 1.1991742849349976 218
1786488533284 1.2954587936401367 219
1786488535868 1.317812442779541 220
1786488538454 1.1383687257766724 221
1786488541040 1.4617254734039307 222
1786488543632 1.1074867248535156 223
1786488546220 1.5834321975708008 224
1786488548804 1.1758118867874146 225
1786488551393 1.3671751022338867 226
1786488553978 1.2982683181762695 227
1786488556559 1.2129933834075928 228
1786488559142 1.3751112222671509 229
1786488561726 1.1306653022766113 230
1786488564310 1.365818977355957 231
1786488566893 1.3282784223556519 232
1786488569478 1.2457268238067627 233
1786488572060 1.159731388092041 234
1786488574645 1.0159721374511719 235
1786488577226 1.0315401554107666 236
1786488579806 1.1160119771957397 237
1786488582386 1.0036588907241821 238
1786488584966 1.1406195163726807 239
1786488587551 1.2074639797210693 240
1786488590135 1.0058790445327759 241
1786488592718 1.2286765575408936 242
1786488595306 1.4409677982330322 243
1786488597893 1.1322685480117798 244
1786488600486 1.4149081707000732 245
1786488603075 1.1645952463150024 246
1786488605662 1.251639485359192 247
1786488608256 1.1934353113174438 248
1786488610838 1.2782299518585205 249
1786488613420 1.3101006746292114 250
1786488616014 1.2091293334960938 251
1786488618594 1.2600014209747314 252
1786488621181 1.402310848236084 253
1786488623773 1.1122410297393799 254
1786488626354 1.2060120105743408 255
1786488628938 1.411381483078003 256
1786488631530 1.1675008535385132 257
1786488634117 1.1698088645935059 258
1786488636702 1.0845832824707031 259
1786488639294 1.1350622177124023 260
1786488641878 1.1324851512908936 261
1786488644465 1.2981239557266235 262
1786488647049 1.2405457496643066 263
1786488649639 1.1961733102798462 264
1786488652238 1.0936180353164673 265
1786488654829 1.2907015085220337 266
1786488657411 1.158845067024231 267
1786488660003 1.2453347444534302 268
1786488662587 1.1109323501586914 269
1786488665176 1.1041324138641357 270
1786488667766 1.3729723691940308 271
1786488670349 1.3618792295455933 272
1786488672939 1.2103183269500732 273
1786488675532 1.4341074228286743 274
1786488678129 1.538236141204834 275
1786488680716 1.628955602645874 276
1786488683310 1.0993962287902832 277
1786488685900 1.4982236623764038 278
1786488688483 1.0866262912750244 279
1786488691067 1.4152965545654297 280
1786488693658 1.3412628173828125 281
1786488696243 1.1658376455307007 282
1786488698826 1.1068284511566162 283
1786488701420 1.0729765892028809 284
1786488704002 1.1261464357376099 285
1786488706588 1.33998703956604 286
1786488709180 1.0490641593933105 287
1786488711772 1.2199122905731201 288
1786488714355 1.4666948318481445 289
1786488716942 1.5399415493011475 290
1786488719531 1.1744427680969238 291
1786488722112 1.4090362787246704 292
1786488724695 1.387073278427124 293
1786488727279 1.224134087562561 294
1786488729866 1.6108629703521729 295
1786488732462 1.1117268800735474 296
1786488735048 1.5877928733825684 297
1786488737632 1.3267489671707153 298
1786488740214 1.2467173337936401 299
1786488742805 1.3308440446853638 300
1786488745388 1.255387306213379 301
1786488747969 1.3284090757369995 302
1786488750557 1.415334701538086 303
1786488753141 1.373423457145691 304
1786488755724 1.365726113319397 305
1786488758307 1.1945852041244507 306
1786488760889 1.539942979812622 307
1786488763472 1.4496870040893555 308
1786488766056 1.170972228050232 309
1786488768640 1.4020092487335205 310
1786488771227 1.3263049125671387 311
1786488773819 1.130100131034851 312
1786488776400 1.2113423347473145 313
1786488778985 1.2256999015808105 314
1786488781571 1.3782637119293213 315
1786488784154 1.1766343116760254 316
1786488786741 1.633620262145996 317
1786488789324 1.202726125717163 318
1786488791908 1.5802241563796997 319
1786488794495 1.2761269807815552 320
1786488797080 1.7840075492858887 321
1786488799662 1.6661720275878906 322
1786488802238 1.3509278297424316 323
1786488804810 1.6180052757263184 324
1786488807382 1.448708415031433 325
1786488809956 1.2974616289138794 326
1786488812538 1.1972280740737915 327
1786488815113 1.2199302911758423 328
1786488817696 1.5156564712524414 329
1786488820273 1.2772685289382935 330
1786488822849 1.3720892667770386 331
1786488825423 1.4907011985778809 332
1786488828004 1.185637354850769 333
1786488830596 1.439436912536621 334
1786488833178 1.5619291067123413 335
1786488835770 1.2838984727859497 336
1786488838350 1.260932207107544 337
1786488840932 1.3674834966659546 338
1786488843519 1.1979663372039795 339
1786488846105 1.1581155061721802 340
1786488848689 1.1967806816101074 341
1786488851270 1.2034595012664795 342
1786488853853 1.2606552839279175 343
1786488856438 1.4804872274398804 344
1786488859025 1.2710130214691162 345
1786488861605 1.6627370119094849 346
1786488864194 1.4324103593826294 347
1786488866779 1.1544983386993408 348
1786488869368 1.4516702890396118 349
1786488871946 1.314606785774231 350
1786488874522 1.252909779548645 351
1786488877097 1.1557466983795166 352
1786488879679 1.2359199523925781 353
1786488882262 1.2742211818695068 354
1786488884844 1.4246972799301147 355
1786488887424 1.2305688858032227 356
1786488890004 1.4485222101211548 357
1786488892584 1.4044033288955688 358
1786488895164 1.472489356994629 359
1786488897746 1.1660146713256836 360
1786488900328 1.3475862741470337 361
1786488902910 1.1435238122940063 362
1786488905492 1.3465746641159058 363
1786488908074 1.2588003873825073 364
1786488910662 1.1685153245925903 365
1786488913247 1.3309533596038818 366
1786488915831 1.3334640264511108 367
1786488918413 1.5303748846054077 368
1786488920998 1.2015044689178467 369
1786488923584 1.6109296083450317 370
1786488926166 1.2274236679077148 371
1786488928749 1.7809274196624756 372
1786488931330 1.326654076576233 373
1786488933912 1.250653862953186 374
1786488936494 1.6951444149017334 375
1786488939076 1.6770713329315186 376
1786488941658 1.2909303903579712 377
1786488944241 1.2852270603179932 378
1786488946823 1.367303729057312 379
1786488949405 1.197068214416504 380
1786488951986 1.3499873876571655 381
1786488954568 1.2848988771438599 382
1786488957152 1.289340615272522 383
1786488959736 1.2914718389511108 384
1786488962317 1.384376049041748 385
1786488964899 1.2841356992721558 386
1786488967481 1.5192326307296753 387
1786488970063 1.627830147743225 388
1786488972645 1.3122868537902832 389
1786488975228 1.5347940921783447 390
1786488977811 1.2451472282409668 391
1786488980393 1.3374950885772705 392
1786488982975 1.3287206888198853 393
1786488985557 1.331093430519104 394
1786488988139 1.4767441749572754 395
1786488990721 1.4370542764663696 396
1786488993302 1.5454251766204834 397
1786488995884 1.3293040990829468 398
1786488998467 1.387434720993042 399
1786489001051 1.516981601715088 400
1786489003633 1.3361740112304688 401
1786489006215 1.1354619264602661 402
1786489008797 1.4098479747772217 403
1786489011381 1.219775915145874 404
1786489013963 1.381062626838684 405
1786489016544 1.53230619430542 406
1786489019126 1.4959005117416382 407
1786489021708 1.1262394189834595 408
1786489024291 1.3182209730148315 409
1786489026874 1.6192598342895508 410
1786489029459 1.5409982204437256 411
1786489032041 1.5174720287322998 412
1786489034623 1.399298906326294 413
1786489037205 1.3323564529418945 414
1786489039787 1.3849624395370483 415
1786489042371 1.236012578010559 416
1786489044954 1.3139734268188477 417
1786489047537 1.105889916419983 418
1786489050119 1.2017321586608887 419
1786489052702 1.245826005935669 420
1786489055284 1.1337029933929443 421
1786489057866 1.3184926509857178 422
1786489060447 1.5284404754638672 423
1786489063029 1.4416584968566895 424
1786489065611 1.7592639923095703 425
1786489068193 1.5352280139923096 426
1786489070775 1.37135910987854 427
1786489073357 1.395953893661499 428
1786489075940 1.317665696144104 429
1786489078522 1.688191294670105 430
1786489081105 1.521131157875061 431
1786489083687 1.3616002798080444 432
1786489086269 1.4223543405532837 433
1786489088851 1.2896897792816162 434
1786489091433 1.2310104370117188 435
1786489094016 1.3497151136398315 436
1786489096598 1.295798659324646 437
1786489099183 1.267709493637085 438
1786489101767 1.3806217908859253 439
1786489104351 1.2384690046310425 440
1786489106934 1.281870722770691 441
1786489109518 1.4438437223434448 442
1786489112102 1.3777663707733154 443
1786489114691 1.5663607120513916 444
1786489117276 1.372287631034851 445
1786489119861 1.2140401601791382 446
1786489122448 1.3937209844589233 447
1786489125034 1.2882721424102783 448
1786489127618 1.378139853477478 449
1786489130203 1.2628988027572632 450
1786489132789 1.5682708024978638 451
1786489135377 1.2414377927780151 452
1786489137950 1.3773443698883057 453
1786489140522 1.2831095457077026 454
1786489143098 1.1921730041503906 455
1786489145672 1.2541842460632324 456
1786489148246 1.4304087162017822 457
1786489150820 1.3980467319488525 458
1786489153394 1.594539761543274 459
1786489155967 1.3871194124221802 460
1786489158540 1.5392671823501587 461
1786489161114 1.450079083442688 462
1786489163687 1.5690616369247437 463
1786489166260 1.3959304094314575 464
1786489168834 1.3080275058746338 465
1786489171408 1.512294888496399 466
1786489173983 1.3514182567596436 467
1786489176558 1.2463542222976685 468
1786489179131 1.4013861417770386 469
1786489181704 1.520626425743103 470
1786489184277 1.1716291904449463 471
1786489186850 1.691547155380249 472
1786489189425 1.4464467763900757 473
1786489191999 1.6981768608093262 474
1786489194573 1.2806134223937988 475
1786489197146 1.431335687637329 476
1786489199718 1.4570322036743164 477
1786489202293 1.9551340341567993 478
1786489204865 1.6552609205245972 479
1786489207451 1.2799663543701172 480
1786489210023 1.5041388273239136 481
1786489212596 1.3302626609802246 482
1786489215171 1.2958917617797852 483
1786489217744 1.4620635509490967 484
1786489220317 1.4819525480270386 485
1786489222891 1.2808634042739868 486
1786489225465 1.2352203130722046 487
1786489228039 1.5279242992401123 488
1786489230611 1.3349467515945435 489
1786489233186 1.6629739999771118 490
1786489235760 1.2892053127288818 491
1786489238334 1.2167243957519531 492
1786489240908 1.314398169517517 493
1786489243484 1.3810113668441772 494
1786489246058 1.288908839225769 495
1786489248632 1.650801420211792 496
1786489251206 1.4407737255096436 497
1786489253786 1.4856640100479126 498
1786489256368 1.2834960222244263 499
1786489267802 1.3569525480270386 500
1786489270391 1.6573807001113892 501
1786489272973 1.4046193361282349 502
1786489275554 1.26728093624115 503
1786489278135 1.3601386547088623 504
1786489280717 1.3457460403442383 505
1786489283299 1.2778794765472412 506
1786489285882 1.7057101726531982 507
1786489288466 1.5444961786270142 508
1786489291049 1.3350534439086914 509
1786489293634 1.6032638549804688 510
1786489296217 1.3063713312149048 511
1786489298802 1.1926023960113525 512
1786489301388 1.623223066329956 513
1786489303979 1.6480611562728882 514
1786489306564 1.5849645137786865 515
1786489309148 1.7587392330169678 516
1786489311732 1.5738751888275146 517
1786489314317 1.1490159034729004 518
1786489316902 1.3691636323928833 519
1786489319488 1.3035694360733032 520
1786489322071 1.2572678327560425 521
1786489324654 1.3814700841903687 522
1786489327238 1.7040351629257202 523
1786489329821 1.7970631122589111 524
1786489332404 1.3838794231414795 525
1786489334989 1.3843908309936523 526
1786489337576 1.4261040687561035 527
1786489340160 1.2432278394699097 528
1786489342743 1.4287750720977783 529
1786489345327 1.324270486831665 530
1786489347910 1.5833241939544678 531
1786489350494 1.4102027416229248 532
1786489353077 1.4694401025772095 533
1786489355661 1.257932186126709 534
1786489358244 1.4206753969192505 535
1786489360827 1.3182299137115479 536
1786489363410 1.3163073062896729 537
1786489365994 1.5064165592193604 538
1786489368578 1.313503623008728 539
1786489371162 1.256176233291626 540
1786489373745 1.406679391860962 541
1786489376328 1.4770931005477905 542
1786489378911 1.2568000555038452 543
1786489381494 1.9891201257705688 544
1786489384078 1.6740822792053223 545
1786489386662 1.3772825002670288 546
1786489389253 1.680552363395691 547
1786489391836 1.679785132408142 548
1786489394420 1.4171866178512573 549
1786489397003 1.44589364528656 550
1786489399587 1.6398160457611084 551
1786489402171 1.3519656658172607 552
1786489404755 1.5356035232543945 553
1786489407339 1.432969331741333 554
1786489409923 1.413245439529419 555
1786489412506 1.3927607536315918 556
1786489415090 1.2836754322052002 557
1786489417674 1.7082759141921997 558
1786489420257 1.5078762769699097 559
1786489422841 1.543779969215393 560
1786489425423 1.3636877536773682 561
1786489428005 1.6988184452056885 562
1786489430589 1.5738165378570557 563
1786489433172 1.1688207387924194 564
1786489435757 1.3514236211776733 565
1786489438340 1.4546903371810913 566
1786489440923 1.4522954225540161 567
1786489443506 1.4171873331069946 568
1786489446090 1.6216331720352173 569
1786489448676 1.2864750623703003 570
1786489451256 1.3791581392288208 571
1786489453831 1.619134783744812 572
1786489456406 1.6396386623382568 573
1786489458981 1.662060260772705 574
1786489461557 1.270484447479248 575
1786489464131 1.3405168056488037 576
1786489466711 1.7486438751220703 577
1786489469292 1.5750778913497925 578
1786489471874 1.568263292312622 579
1786489474455 1.4504568576812744 580
1786489477037 1.6164658069610596 581
1786489479618 1.4776256084442139 582
1786489482199 1.4586758613586426 583
1786489484781 1.5562808513641357 584
1786489487362 1.3184210062026978 585
1786489489945 1.9079829454421997 586
1786489492529 1.6592483520507812 587
1786489495112 1.3855912685394287 588
1786489497695 1.7516531944274902 589
1786489500277 1.3212182521820068 590
1786489502859 1.6456581354141235 591
1786489505440 1.4873636960983276 592
1786489508021 1.5215128660202026 593
1786489510602 1.5713987350463867 594
1786489513184 1.369092583656311 595
1786489515765 1.3039615154266357 596
1786489518346 1.8830482959747314 597
1786489520927 1.5690696239471436 598
1786489523508 1.2644509077072144 599
1786489526089 1.5104602575302124 600
1786489528672 1.428297519683838 601
1786489531253 1.5507419109344482 602
1786489533839 1.3150010108947754 603
1786489536423 1.7387691736221313 604
1786489539005 1.563918113708496 605
1786489541586 1.4193233251571655 606
1786489544167 1.2878727912902832 607
1786489546748 1.367441177368164 608
1786489549329 1.6515145301818848 609
1786489551910 1.4664521217346191 610
1786489554492 1.548000454902649 611
1786489557074 1.3610260486602783 612
1786489559658 1.5267831087112427 613
1786489562242 1.494659185409546 614
1786489564827 1.3151588439941406 615
1786489567411 1.58072829246521 616
1786489569995 1.4762232303619385 617
1786489572579 1.7747300863265991 618
1786489575164 1.6746660470962524 619
1786489577747 1.410928726196289 620
1786489580330 1.3403666019439697 621
1786489582914 1.5247817039489746 622
1786489585498 1.5867033004760742 623
1786489588082 1.2804594039916992 624
1786489590665 1.4459742307662964 625
1786489593248 1.467600703239441 626
1786489595832 1.5007919073104858 627
1786489598417 1.4767146110534668 628
1786489601000 1.5593289136886597 629
1786489603585 1.5425333976745605 630
1786489606168 1.6211844682693481 631
1786489608753 1.385622501373291 632
1786489611337 1.4310258626937866 633
1786489613921 1.4148292541503906 634
1786489616505 1.4835882186889648 635
1786489619091 1.4168981313705444 636
1786489621674 1.422356128692627 637
1786489624256 1.4824142456054688 638
1786489626840 1.4342633485794067 639
1786489629424 1.678947925567627 640
1786489632008 1.6609219312667847 641
1786489634591 1.22095787525177 642
1786489637173 1.4650543928146362 643
1786489639754 1.5530714988708496 644
1786489642336 1.533786416053772 645
1786489644917 1.353108525276184 646
1786489647499 1.3734220266342163 647
1786489650080 1.4608324766159058 648
1786489652663 1.4058756828308105 649
1786489655246 1.4036684036254883 650
1786489657828 1.3734780550003052 651
1786489660410 1.3221694231033325 652
1786489662992 1.5028986930847168 653
1786489665573 1.6052320003509521 654
1786489668155 1.371421456336975 655
1786489670738 1.3498512506484985 656
1786489673322 1.6165223121643066 657
1786489675908 1.8080766201019287 658
1786489678490 1.4890385866165161 659
1786489681073 1.3560324907302856 660
1786489683656 1.6078009605407715 661
1786489686240 1.350969672203064 662
1786489688825 1.4195386171340942 663
1786489691408 1.510766625404358 664
1786489693991 1.4094808101654053 665
1786489696573 1.822348952293396 666
1786489699156 1.543353796005249 667
1786489701739 1.473192811012268 668
1786489704324 1.8813211917877197 669
1786489706907 1.3133200407028198 670
1786489709489 1.5280961990356445 671
1786489712072 1.6250475645065308 672
1786489714655 1.335338830947876 673
1786489717238 1.4751499891281128 674
1786489719821 1.2391830682754517 675
1786489722404 1.4556976556777954 676
1786489724987 1.6573336124420166 677
1786489727570 1.479955792427063 678
1786489730153 1.4140723943710327 679
1786489732736 1.2371340990066528 680
1786489735318 1.33663010597229 681
1786489737901 1.3586419820785522 682
1786489740484 1.4269678592681885 683
1786489743067 1.3462574481964111 684
1786489745651 1.34761381149292 685
1786489748234 1.5640093088150024 686
1786489750816 1.7500940561294556 687
1786489753399 1.4032714366912842 688
1786489755983 1.575317621231079 689
1786489758566 1.4247132539749146 690
1786489761149 1.348891019821167 691
1786489763732 1.7156037092208862 692
1786489766315 1.4304805994033813 693
1786489768898 1.3644627332687378 694
1786489771480 1.8661983013153076 695
1786489774062 1.5061386823654175 696
1786489776644 1.5097978115081787 697
1786489779226 1.5393972396850586 698
1786489781808 1.4128432273864746 699
1786489784390 1.4311425685882568 700
1786489786973 1.565895915031433 701
1786489789555 1.3929423093795776 702
1786489792139 1.4574559926986694 703
1786489794715 1.440451741218567 704
1786489797289 1.6868988275527954 705
1786489799865 1.4599391222000122 706
1786489802439 1.514604091644287 707
1786489805013 1.6350679397583008 708
1786489807588 1.304687738418579 709
1786489810163 1.4753515720367432 710
1786489812737 1.4617830514907837 711
1786489815318 1.3642991781234741 712
1786489817904 1.4366962909698486 713
1786489820492 1.4809319972991943 714
1786489823075 1.8998360633850098 715
1786489825659 1.3798640966415405 716
1786489828243 1.3463778495788574 717
1786489830827 1.55855131149292 718
1786489833410 1.3152614831924438 719
1786489835994 1.4273098707199097 720
1786489838577 1.4758987426757812 721
1786489841161 1.447925329208374 722
1786489843744 1.6149646043777466 723
1786489846330 1.27204167842865 724
1786489848916 1.6166688203811646 725
1786489851499 1.4974592924118042 726
1786489854085 1.3830652236938477 727
1786489856669 1.4648600816726685 728
1786489859253 1.4948326349258423 729
1786489861836 1.3652105331420898 730
1786489864421 1.292398452758789 731
1786489867006 1.3772770166397095 732
1786489869590 1.4280213117599487 733
1786489872175 1.3800774812698364 734
1786489874759 1.4239444732666016 735
1786489877342 1.4212751388549805 736
1786489879926 1.2236591577529907 737
1786489882510 1.738662838935852 738
1786489885095 1.5834065675735474 739
1786489887679 1.3864468336105347 740
1786489890262 1.5874483585357666 741
1786489892847 1.7807039022445679 742
1786489895431 1.4004604816436768 743
1786489898014 1.4168874025344849 744
1786489900598 1.2768595218658447 745
1786489903182 1.4111956357955933 746
1786489905765 1.3910880088806152 747
1786489908349 1.4777253866195679 748
1786489910933 1.3754481077194214 749
1786489913518 1.3453933000564575 750
1786489916102 1.4516324996948242 751
1786489918687 1.5620886087417603 752
1786489921271 1.4549367427825928 753
1786489923855 1.421689748764038 754
1786489926441 1.3129314184188843 755
1786489929026 1.4445147514343262 756
1786489931610 1.5584253072738647 757
1786489934193 1.3687440156936646 758
1786489936777 1.3484851121902466 759
1786489939361 1.739863395690918 760
1786489941944 1.2752734422683716 761
1786489944527 1.3045389652252197 762
1786489947110 1.3461933135986328 763
1786489949692 1.4691580533981323 764
1786489952274 1.4304078817367554 765
1786489954856 1.4264042377471924 766
1786489957438 1.515673279762268 767
1786489960020 1.6222050189971924 768
1786489962602 1.3516219854354858 769
1786489965183 1.3288003206253052 770
1786489967765 1.4448919296264648 771
1786489970347 1.362943172454834 772
1786489972929 1.2784723043441772 773
1786489975510 1.2578504085540771 774
1786489978092 1.3151060342788696 775
1786489980673 1.3489669561386108 776
1786489983256 3.505678415298462 777
1786489985837 1.861220121383667 778
1786489988419 1.8407037258148193 779
1786489991001 1.3621231317520142 780
1786489993582 1.5786303281784058 781
1786489996163 1.3205111026763916 782
1786489998744 1.3506391048431396 783
1786490001326 1.2922947406768799 784
1786490003907 1.4245796203613281 785
1786490006488 1.5463041067123413 786
1786490009069 1.7316328287124634 787
1786490011651 1.5067213773727417 788
1786490014232 1.4236531257629395 789
1786490016815 1.632213830947876 790
1786490019397 1.541472315788269 791
1786490021981 1.3945376873016357 792
1786490024562 1.3032951354980469 793
1786490027144 1.6249123811721802 794
1786490029726 1.431907296180725 795
1786490032309 1.5480424165725708 796
1786490034890 1.3892289400100708 797
1786490037476 1.4957095384597778 798
1786490040060 1.332455039024353 799
1786490042642 1.4789360761642456 800
1786490045216 1.5694905519485474 801
1786490047790 1.2914153337478638 802
1786490050375 1.3614989519119263 803
1786490052960 1.4874905347824097 804
1786490055544 1.3700227737426758 805
1786490058129 1.33778977394104 806
1786490060715 1.5875524282455444 807
1786490063300 1.4721581935882568 808
1786490065885 1.5424968004226685 809
1786490068468 1.4164774417877197 810
1786490071052 1.3570953607559204 811
1786490073641 1.3656343221664429 812
1786490076226 1.4476912021636963 813
1786490078813 1.3009270429611206 814
1786490081404 1.4045475721359253 815
1786490083991 1.4006916284561157 816
1786490086574 1.3694584369659424 817
1786490089161 1.5558428764343262 818
1786490091751 1.5813982486724854 819
1786490094336 1.3862282037734985 820
1786490096922 1.2874946594238281 821
1786490099506 1.392999291419983 822
1786490102089 1.2997010946273804 823
1786490104675 1.288763165473938 824
1786490107276 1.4793692827224731 825
1786490109852 1.3529611825942993 826
1786490112426 1.2814428806304932 827
1786490115001 1.1617172956466675 828
1786490117575 1.624505877494812 829
1786490120150 1.456081748008728 830
1786490122724 1.3868647813796997 831
1786490125299 1.5401982069015503 832
1786490127872 1.826554298400879 833
1786490130446 1.3257267475128174 834
1786490133022 1.744755744934082 835
1786490135596 1.323437213897705 836
1786490138171 1.7105698585510254 837
1786490140746 1.4512637853622437 838
1786490143320 1.5249723196029663 839
1786490145894 1.5600389242172241 840
1786490148468 1.9889999628067017 841
1786490151044 1.3714605569839478 842
1786490153619 1.4224522113800049 843
1786490156194 1.2980927228927612 844
1786490158771 1.2859432697296143 845
1786490161344 1.2790690660476685 846
1786490163918 1.3547121286392212 847
1786490166492 1.29099440574646 848
1786490169066 1.220252513885498 849
1786490171640 1.1685272455215454 850
1786490174215 1.3952378034591675 851
1786490176797 1.5206743478775024 852
1786490179381 1.3768856525421143 853
1786490181965 1.3772977590560913 854
1786490184548 1.2680467367172241 855
1786490187132 2.236673355102539 856
1786490189716 1.4389655590057373 857
1786490192300 1.568543791770935 858
1786490194884 1.5508251190185547 859
1786490197468 1.314238429069519 860
1786490200052 1.3663994073867798 861
1786490202636 1.3750089406967163 862
1786490205220 1.4420368671417236 863
1786490207805 1.3638970851898193 864
1786490210392 1.4088011980056763 865
1786490212979 1.4308170080184937 866
1786490215567 1.4442832469940186 867
1786490218152 1.3255325555801392 868
1786490220736 1.3679015636444092 869
1786490223320 1.3909906148910522 870
1786490225908 1.4879423379898071 871
1786490228493 1.4349578619003296 872
1786490231077 1.2948157787322998 873
1786490233660 1.1955907344818115 874
1786490236236 1.2605531215667725 875
1786490238813 1.3120684623718262 876
1786490241389 1.3197804689407349 877
1786490243964 1.4753055572509766 878
1786490246547 1.5578641891479492 879
1786490249131 1.3351057767868042 880
1786490251717 1.3730785846710205 881
1786490254293 1.3537436723709106 882
1786490256869 1.3935331106185913 883
1786490259443 1.3896058797836304 884
1786490262018 1.4184380769729614 885
1786490264592 1.3658427000045776 886
1786490267166 1.4325321912765503 887
1786490269740 1.3951396942138672 888
1786490272322 1.3686012029647827 889
1786490274908 1.4569553136825562 890
1786490277491 1.6450552940368652 891
1786490280075 1.4065110683441162 892
1786490282658 1.2522655725479126 893
1786490285242 1.3072545528411865 894
1786490287826 1.5364177227020264 895
1786490290409 1.3109736442565918 896
1786490292993 1.3711988925933838 897
1786490295577 1.3770467042922974 898
1786490298160 1.3331819772720337 899
1786490300744 1.4414167404174805 900
1786490303328 1.4937387704849243 901
1786490305913 1.3291893005371094 902
1786490308497 1.3819726705551147 903
1786490311080 1.3433241844177246 904
1786490313664 1.211421012878418 905
1786490316249 1.3780511617660522 906
1786490318832 1.3637806177139282 907
1786490321417 1.389227032661438 908
1786490324001 1.6498157978057861 909
1786490326585 1.3987524509429932 910
1786490329170 1.2416551113128662 911
1786490331762 1.3824232816696167 912
1786490334347 1.4506340026855469 913
1786490336928 1.3257874250411987 914
1786490339510 1.3764194250106812 915
1786490342092 1.343153476715088 916
1786490344670 1.3125883340835571 917
1786490347254 1.2971727848052979 918
1786490349838 1.3386362791061401 919
1786490352422 1.2868894338607788 920
1786490355006 1.2020608186721802 921
1786490357588 1.3072104454040527 922
1786490360171 1.4255900382995605 923
1786490362755 1.3211405277252197 924
1786490365339 1.2280945777893066 925
1786490367923 1.4609453678131104 926
1786490370506 1.2521445751190186 927
1786490373089 1.3716245889663696 928
1786490375671 1.3881244659423828 929
1786490378253 1.4895614385604858 930
1786490380835 1.2808167934417725 931
1786490383417 1.2605419158935547 932
1786490385997 1.4308750629425049 933
1786490388579 1.3455668687820435 934
1786490391163 1.294006109237671 935
1786490393745 1.3631861209869385 936
1786490396330 1.5500733852386475 937
1786490398910 1.4306139945983887 938
1786490401490 1.3125404119491577 939
1786490404072 1.4478174448013306 940
1786490406652 1.7738484144210815 941
1786490409232 1.3123350143432617 942
1786490411814 1.393262505531311 943
1786490414395 1.381809949874878 944
1786490416977 1.5156017541885376 945
1786490419559 1.494105577468872 946
1786490422141 1.3451632261276245 947
1786490424723 1.1996514797210693 948
1786490427304 1.470599889755249 949
1786490429886 1.3754279613494873 950
1786490432468 1.4677506685256958 951
1786490435051 1.2496116161346436 952
1786490437633 1.367343544960022 953
1786490440214 1.4029502868652344 954
1786490442796 1.3799504041671753 955
1786490445377 1.217513084411621 956
1786490447959 1.3417515754699707 957
1786490450542 1.3080759048461914 958
1786490453125 1.3297640085220337 959
1786490455706 1.3493324518203735 960
1786490458288 1.3421543836593628 961
1786490460870 1.2309107780456543 962
1786490463452 1.3995462656021118 963
1786490466034 1.2545543909072876 964
1786490468618 1.277315616607666 965
1786490471200 1.4351882934570312 966
1786490473782 1.439822793006897 967
1786490476363 1.4630752801895142 968
1786490478945 1.270190715789795 969
1786490481528 1.4070550203323364 970
1786490484110 1.511245608329773 971
1786490486692 1.4339532852172852 972
1786490489273 1.2961430549621582 973
1786490491856 1.421302318572998 974
1786490494438 1.3369574546813965 975
1786490497020 1.3324787616729736 976
1786490499601 1.2410229444503784 977
1786490502184 1.170118808746338 978
1786490504766 1.2346299886703491 979
1786490507347 1.278693675994873 980
1786490509929 1.276597023010254 981
1786490512513 1.2207658290863037 982
1786490515097 1.290065884590149 983
1786490517677 1.3745156526565552 984
1786490520257 1.2574679851531982 985
1786490522838 1.3781390190124512 986
1786490525420 1.1637424230575562 987
1786490528002 1.4104673862457275 988
1786490530584 1.3483924865722656 989
1786490533166 1.2130281925201416 990
1786490535748 1.1968590021133423 991
1786490538329 1.48060142993927 992
1786490540911 1.3336434364318848 993
1786490543493 1.3426425457000732 994
1786490546074 1.485433578491211 995
1786490548656 1.3437254428863525 996
1786490551238 1.14094078540802 997
1786490553819 1.2124133110046387 998
1786490556402 1.3667856454849243 999
1786490564476 1.239451289176941 1000
1786490567058 1.2378113269805908 1001
1786490569642 1.322736382484436 1002
1786490572226 1.3120068311691284 1003
1786490574809 1.2314015626907349 1004
1786490577391 1.217972755432129 1005
1786490579975 1.2935761213302612 1006
1786490582558 1.270264744758606 1007
1786490585142 1.3428642749786377 1008
1786490587725 1.4337044954299927 1009
1786490590308 1.374718189239502 1010
1786490592892 1.1607588529586792 1011
1786490595476 1.174692153930664 1012
1786490598065 1.3480852842330933 1013
1786490600649 1.3486288785934448 1014
1786490603232 1.580177664756775 1015
1786490605818 1.2793158292770386 1016
1786490608405 1.2842414379119873 1017
1786490610997 1.3257454633712769 1018
1786490613583 1.2214934825897217 1019
1786490616168 1.2309774160385132 1020
1786490618752 1.2159603834152222 1021
1786490621334 1.2976782321929932 1022
1786490623917 1.3534563779830933 1023
1786490626500 1.0967756509780884 1024
1786490629087 1.229970932006836 1025
1786490631676 1.2403697967529297 1026
1786490634259 1.2980523109436035 1027
1786490636841 1.3835829496383667 1028
1786490639423 1.2584741115570068 1029
1786490642004 1.396948218345642 1030
1786490644585 1.385717749595642 1031
1786490647168 1.2292643785476685 1032
1786490649749 1.413543701171875 1033
1786490652331 1.2059592008590698 1034
1786490654912 1.1839994192123413 1035
1786490657493 1.3237402439117432 1036
1786490660075 1.227912187576294 1037
1786490662657 1.1782891750335693 1038
1786490665240 1.1916069984436035 1039
1786490667822 1.1385788917541504 1040
1786490670403 1.1310784816741943 1041
1786490672985 1.2254273891448975 1042
1786490675567 1.3677959442138672 1043
1786490678149 1.4955382347106934 1044
1786490680731 1.3427237272262573 1045
1786490683312 1.4028533697128296 1046
1786490685893 1.3123550415039062 1047
1786490688474 1.3159183263778687 1048
1786490691057 1.4443186521530151 1049
1786490693640 1.2074241638183594 1050
1786490696223 1.1984753608703613 1051
1786490698804 1.3534854650497437 1052
1786490701386 1.2214020490646362 1053
1786490703968 1.1219110488891602 1054
1786490706550 1.3347959518432617 1055
1786490709131 1.4356422424316406 1056
1786490711713 1.3561451435089111 1057
1786490714295 1.2936855554580688 1058
1786490716876 1.1417474746704102 1059
1786490719460 1.1797351837158203 1060
1786490722044 1.0662416219711304 1061
1786490724627 1.196183681488037 1062
1786490727208 1.0910571813583374 1063
1786490729791 1.2070770263671875 1064
1786490732374 1.280395269393921 1065
1786490734956 1.208458423614502 1066
1786490737538 1.4113857746124268 1067
1786490740119 1.6424440145492554 1068
1786490742702 1.2428361177444458 1069
1786490745283 1.2150983810424805 1070
1786490747865 1.4151667356491089 1071
1786490750450 1.2340930700302124 1072
1786490753033 1.5753883123397827 1073
1786490755616 1.4179484844207764 1074
1786490758193 1.2806316614151 1075
1786490760776 1.3125967979431152 1076
1786490763361 1.4085719585418701 1077
1786490765945 1.2414597272872925 1078
1786490768529 1.1981384754180908 1079
1786490771112 1.1759021282196045 1080
1786490773696 1.236821174621582 1081
1786490776280 1.3518426418304443 1082
1786490778863 1.2140899896621704 1083
1786490781445 1.4704861640930176 1084
1786490784029 1.2999216318130493 1085
1786490786612 1.1848461627960205 1086
1786490789194 1.3719292879104614 1087
1786490791776 1.151693344116211 1088
1786490794360 1.2665116786956787 1089
1786490796943 1.3282287120819092 1090
1786490799525 1.6153160333633423 1091
1786490802107 1.407702922821045 1092
1786490804689 1.1933156251907349 1093
1786490807270 1.3230043649673462 1094
1786490809852 1.1519471406936646 1095
1786490812436 1.2447956800460815 1096
1786490815021 1.432582139968872 1097
1786490817604 1.0904172658920288 1098
1786490820187 1.3104506731033325 1099
1786490822771 1.236566185951233 1100
1786490825354 1.0777021646499634 1101
1786490827943 1.207008719444275 1102
1786490830529 1.2540086507797241 1103
1786490833113 1.1155478954315186 1104
1786490835695 1.4965991973876953 1105
1786490838277 1.3879625797271729 1106
1786490840860 1.1489918231964111 1107
1786490843442 1.2413418292999268 1108
1786490846025 1.2490512132644653 1109
1786490848607 1.3594423532485962 1110
1786490851191 1.0241163969039917 1111
1786490853774 1.3238333463668823 1112
1786490856356 1.1743478775024414 1113
1786490858938 1.1116217374801636 1114
1786490861522 1.206989049911499 1115
1786490864104 1.1800572872161865 1116
1786490866686 1.211868166923523 1117
1786490869269 1.4654874801635742 1118
1786490871852 1.3781594038009644 1119
1786490874435 1.3622022867202759 1120
1786490877018 1.2814116477966309 1121
1786490879600 1.2296770811080933 1122
1786490882182 1.1228153705596924 1123
1786490884763 1.3298934698104858 1124
1786490887345 1.3359410762786865 1125
1786490889928 1.156944990158081 1126
1786490892510 1.4054484367370605 1127
1786490895093 1.2629581689834595 1128
1786490897676 1.2215877771377563 1129
1786490900262 1.2914209365844727 1130
1786490902847 1.4941638708114624 1131
1786490905435 1.2469416856765747 1132
1786490908020 1.3949661254882812 1133
1786490910603 1.3360686302185059 1134
1786490913186 1.268512487411499 1135
1786490915769 1.218628168106079 1136
1786490918352 1.1623725891113281 1137
1786490920935 1.2448370456695557 1138
1786490923517 1.3809396028518677 1139
1786490926107 1.3217147588729858 1140
1786490928689 1.1806590557098389 1141
1786490931272 1.1605507135391235 1142
1786490933855 1.18895423412323 1143
1786490936439 1.0552395582199097 1144
1786490939022 1.2396091222763062 1145
1786490941605 1.2737778425216675 1146
1786490944188 1.3974783420562744 1147
1786490946772 1.1701375246047974 1148
1786490949351 1.213982105255127 1149
1786490951926 1.089341402053833 1150
1786490954499 1.448297142982483 1151
1786490957074 1.3743350505828857 1152
1786490959658 1.2007830142974854 1153
1786490962242 1.184503197669983 1154
1786490964821 1.1491447687149048 1155
1786490967395 1.3943493366241455 1156
1786490969974 1.1749958992004395 1157
1786490972549 1.1138842105865479 1158
1786490975124 1.348770022392273 1159
1786490977697 1.5034488439559937 1160
1786490980271 1.1434986591339111 1161
1786490982844 1.2561767101287842 1162
1786490985417 1.2229641675949097 1163
1786490987995 1.3619838953018188 1164
1786490990575 1.1737068891525269 1165
1786490993158 1.1815869808197021 1166
1786490995738 1.2924084663391113 1167
1786490998319 1.2243210077285767 1168
1786491000899 1.1736880540847778 1169
1786491003482 1.1212732791900635 1170
1786491006078 1.3173259496688843 1171
1786491008660 1.3427472114562988 1172
1786491011246 1.2837128639221191 1173
1786491013821 1.507368564605713 1174
1786491016394 1.129473328590393 1175
1786491018968 1.292809009552002 1176
1786491021550 1.4559656381607056 1177
1786491024133 1.2440799474716187 1178
1786491026715 1.3749938011169434 1179
1786491029289 1.3294001817703247 1180
1786491031864 1.4145876169204712 1181
1786491034438 1.1564332246780396 1182
1786491037012 1.2062652111053467 1183
1786491039587 1.2299940586090088 1184
1786491042162 1.1793029308319092 1185
1786491044737 1.1005756855010986 1186
1786491047313 1.1803737878799438 1187
1786491049887 1.4086976051330566 1188
1786491052463 1.3040771484375 1189
1786491055037 1.2467012405395508 1190
1786491057611 1.087984323501587 1191
1786491060185 1.200449824333191 1192
1786491062758 1.2795462608337402 1193
1786491065332 1.2775347232818604 1194
1786491067905 1.3331035375595093 1195
1786491070478 1.0987199544906616 1196
1786491073053 1.1993845701217651 1197
1786491075626 1.2300759553909302 1198
1786491078199 1.1993389129638672 1199
1786491080772 1.2175827026367188 1200
1786491083345 1.1266262531280518 1201
1786491085918 1.139782428741455 1202
1786491088492 1.1090484857559204 1203
1786491091065 1.089580774307251 1204
1786491093638 1.0502325296401978 1205
1786491096213 1.4762781858444214 1206
1786491098788 1.295360803604126 1207
1786491101369 1.2417693138122559 1208
1786491103951 1.333878755569458 1209
1786491106532 1.2564812898635864 1210
1786491109114 1.2516906261444092 1211
1786491111696 1.1697660684585571 1212
1786491114278 1.1914863586425781 1213
1786491116858 1.1649380922317505 1214
1786491119440 1.1153393983840942 1215
1786491122022 1.133178472518921 1216
1786491124602 1.1871274709701538 1217
1786491127184 1.1823599338531494 1218
1786491129766 1.21229088306427 1219
1786491132348 1.1877604722976685 1220
1786491134929 1.1047849655151367 1221
1786491137512 1.17499577999115 1222
1786491140093 1.225820779800415 1223
1786491142674 1.393666386604309 1224
1786491145255 1.1444711685180664 1225
1786491147837 1.163134217262268 1226
1786491150417 1.2740800380706787 1227
1786491152999 1.0655491352081299 1228
1786491155580 1.1720032691955566 1229
1786491158163 1.686564326286316 1230
1786491160744 1.1330574750900269 1231
1786491163328 1.1015491485595703 1232
1786491165909 1.2178192138671875 1233
1786491168493 1.1531059741973877 1234
1786491171079 1.2150018215179443 1235
1786491173663 1.2726420164108276 1236
1786491176246 1.250175952911377 1237
1786491178829 1.2052363157272339 1238
1786491181410 1.1300098896026611 1239
1786491183991 1.127980351448059 1240
1786491186575 1.1020402908325195 1241
1786491189158 1.1058791875839233 1242
1786491191744 1.001826524734497 1243
1786491194327 1.284517526626587 1244
1786491196909 1.3321985006332397 1245
1786491199491 1.3111480474472046 1246
1786491202072 1.2946830987930298 1247
1786491204654 1.3500287532806396 1248
1786491207236 1.1779237985610962 1249
1786491209818 1.1359530687332153 1250
1786491212399 1.3057410717010498 1251
1786491214981 1.2128609418869019 1252
1786491217562 1.4000455141067505 1253
1786491220143 1.1968860626220703 1254
1786491222724 1.1775906085968018 1255
1786491225305 1.2532374858856201 1256
1786491227887 1.4126150608062744 1257
1786491230470 1.0803755521774292 1258
1786491233053 1.3442462682724 1259
1786491235635 1.1480151414871216 1260
1786491238217 1.209859013557434 1261
1786491240798 1.2653594017028809 1262
1786491243379 1.0909950733184814 1263
1786491245961 1.1725130081176758 1264
1786491248546 1.0498393774032593 1265
1786491251131 1.2359168529510498 1266
1786491253718 1.0302624702453613 1267
1786491256302 1.1816399097442627 1268
1786491258891 1.1658706665039062 1269
1786491261476 1.1062226295471191 1270
1786491264063 1.4419454336166382 1271
1786491266646 1.0947158336639404 1272
1786491269245 1.11215078830719 1273
1786491271828 1.3058713674545288 1274
1786491274412 1.146694540977478 1275
1786491276996 1.1357351541519165 1276
1786491279580 1.1851541996002197 1277
1786491282163 1.2437316179275513 1278
1786491284746 1.2122241258621216 1279
1786491287329 1.1139439344406128 1280
1786491289915 1.192038655281067 1281
1786491292501 1.1505557298660278 1282
1786491295090 1.1062872409820557 1283
1786491297675 1.103925347328186 1284
1786491300258 1.0085484981536865 1285
1786491302842 1.1573175191879272 1286
1786491305425 1.1866047382354736 1287
1786491308008 1.233718991279602 1288
1786491310591 1.1836026906967163 1289
1786491313173 1.186022400856018 1290
1786491315758 1.1273584365844727 1291
1786491318340 1.0596210956573486 1292
1786491320922 1.1405640840530396 1293
1786491323505 1.2719964981079102 1294
1786491326087 1.2485613822937012 1295
1786491328669 1.1876919269561768 1296
1786491331251 1.1556416749954224 1297
1786491333835 1.2913742065429688 1298
1786491336417 1.109114408493042 1299
1786491338998 1.1373951435089111 1300
1786491341578 1.0896823406219482 1301
1786491344158 1.0493491888046265 1302
1786491346739 1.2596324682235718 1303
1786491349320 1.10097074508667 1304
1786491351901 1.2207746505737305 1305
1786491354481 1.0044907331466675 1306
1786491357064 1.2556911706924438 1307
1786491359645 1.075061559677124 1308
1786491362223 1.156659722328186 1309
1786491364795 1.0986571311950684 1310
1786491367369 1.0859549045562744 1311
1786491369941 1.0531179904937744 1312
1786491372514 1.1328315734863281 1313
1786491375086 1.2494518756866455 1314
1786491377661 1.3453582525253296 1315
1786491380233 1.1147891283035278 1316
1786491382806 0.9827839136123657 1317
1786491385378 1.0312553644180298 1318
1786491387951 1.270742416381836 1319
1786491390523 1.1997628211975098 1320
1786491393096 0.9862222075462341 1321
1786491395668 1.1314129829406738 1322
1786491398242 1.062076210975647 1323
1786491400815 1.2915786504745483 1324
1786491403388 1.1526401042938232 1325
1786491405960 1.1120599508285522 1326
1786491408533 1.1336033344268799 1327
1786491411105 1.1402887105941772 1328
1786491413678 1.10403311252594 1329
1786491416250 1.0401839017868042 1330
1786491418823 1.0221991539001465 1331
1786491421397 1.1651636362075806 1332
1786491423970 1.039245843887329 1333
1786491426542 1.043557047843933 1334
1786491429115 0.9735615849494934 1335
1786491431688 1.0835082530975342 1336
1786491434262 1.1183452606201172 1337
1786491436835 0.9995483756065369 1338
1786491439410 1.0201246738433838 1339
1786491441995 1.151851773262024 1340
1786491444578 1.0947296619415283 1341
1786491447161 1.116100549697876 1342
1786491449744 1.147796630859375 1343
1786491452329 1.1106914281845093 1344
1786491454919 1.2336432933807373 1345
1786491457512 1.2692623138427734 1346
1786491460103 1.2866650819778442 1347
1786491462694 1.009328842163086 1348
1786491465286 1.2604732513427734 1349
1786491467877 1.2739946842193604 1350
1786491470469 1.113141417503357 1351
1786491473062 1.2110695838928223 1352
1786491475651 1.1548899412155151 1353
1786491478243 1.1529276371002197 1354
1786491480834 1.2460767030715942 1355
1786491483425 1.100095272064209 1356
1786491486019 1.1301097869873047 1357
1786491488603 1.3567469120025635 1358
1786491491187 0.994816780090332 1359
1786491493772 1.2402266263961792 1360
1786491496355 1.3196662664413452 1361
1786491498944 1.0068732500076294 1362
1786491501526 1.128045678138733 1363
1786491504109 1.0742263793945312 1364
1786491506691 1.0605552196502686 1365
1786491509273 1.0860276222229004 1366
1786491511854 1.1189805269241333 1367
1786491514437 1.0654932260513306 1368
1786491517020 1.1062248945236206 1369
1786491519602 1.046045184135437 1370
1786491522184 1.0669622421264648 1371
1786491524765 1.0505812168121338 1372
1786491527348 1.0670310258865356 1373
1786491529930 1.0593453645706177 1374
1786491532514 1.084632396697998 1375
1786491535096 0.9782368540763855 1376
1786491537679 1.0185813903808594 1377
1786491540261 1.1600303649902344 1378
1786491542844 1.2028836011886597 1379
1786491545428 1.1264266967773438 1380
1786491548010 1.1039456129074097 1381
1786491550593 1.1995137929916382 1382
1786491553176 1.344189167022705 1383
1786491555759 1.0796633958816528 1384
1786491558343 1.1393331289291382 1385
1786491560924 1.1432055234909058 1386
1786491563506 1.0544250011444092 1387
1786491566087 0.9930747151374817 1388
1786491568669 1.2054563760757446 1389
1786491571250 1.0747685432434082 1390
1786491573831 1.1256262063980103 1391
1786491576413 1.0727214813232422 1392
1786491578995 1.1132889986038208 1393
1786491581576 0.9604173302650452 1394
1786491584161 1.0190966129302979 1395
1786491586742 1.0761717557907104 1396
1786491589317 1.2933716773986816 1397
1786491591891 1.001348614692688 1398
1786491594464 1.0346158742904663 1399
1786491597043 1.1641563177108765 1400
1786491599617 1.198733925819397 1401
1786491602190 1.2593185901641846 1402
1786491604765 1.1793993711471558 1403
1786491607340 0.9787523746490479 1404
1786491609914 1.1087433099746704 1405
1786491612487 1.0937343835830688 1406
1786491615069 1.0683424472808838 1407
1786491617653 1.1159077882766724 1408
1786491620235 1.027610421180725 1409
1786491622818 1.106784462928772 1410
1786491625400 0.9825257062911987 1411
1786491627984 0.970196545124054 1412
1786491630568 1.215021014213562 1413
1786491633152 1.2773407697677612 1414
1786491635736 1.1477532386779785 1415
1786491638320 0.9654647707939148 1416
1786491640903 1.0084493160247803 1417
1786491643487 1.1045596599578857 1418
1786491646070 0.9918527603149414 1419
1786491648654 1.0385699272155762 1420
1786491651239 1.0054408311843872 1421
1786491653822 1.1372404098510742 1422
1786491656406 1.289408564567566 1423
1786491658989 1.0641411542892456 1424
1786491661573 1.1776759624481201 1425
1786491664155 1.0847094058990479 1426
1786491666737 0.9965968728065491 1427
1786491669319 1.118263840675354 1428
1786491671902 1.1749354600906372 1429
1786491674484 1.0938595533370972 1430
1786491677065 1.0244495868682861 1431
1786491679647 1.2036969661712646 1432
1786491682229 1.0358731746673584 1433
1786491684810 1.0208544731140137 1434
1786491687391 1.1100274324417114 1435
1786491689973 1.0617547035217285 1436
1786491692555 0.9460171461105347 1437
1786491695138 1.0358538627624512 1438
1786491697721 1.0023287534713745 1439
1786491700308 1.039581298828125 1440
1786491702894 0.9587363600730896 1441
1786491705476 1.0071430206298828 1442
1786491708057 0.9571195244789124 1443
1786491710639 1.0988613367080688 1444
1786491713223 1.082288384437561 1445
1786491715806 1.175553321838379 1446
1786491718389 1.137007236480713 1447
1786491720972 1.135780930519104 1448
1786491723555 1.2243249416351318 1449
1786491726143 1.0295401811599731 1450
1786491728729 0.9601083397865295 1451
1786491731312 1.0654844045639038 1452
1786491733895 1.0906304121017456 1453
1786491736477 1.1151728630065918 1454
1786491739059 1.1089673042297363 1455
1786491741642 1.1062856912612915 1456
1786491744225 1.0511329174041748 1457
1786491746808 1.0890415906906128 1458
1786491749390 1.010984182357788 1459
1786491751973 1.0637340545654297 1460
1786491754556 0.9971827268600464 1461
1786491757139 0.9430389404296875 1462
1786491759723 1.0734713077545166 1463
1786491762307 0.9938144683837891 1464
1786491764890 1.0249695777893066 1465
1786491767472 1.104516863822937 1466
1786491770058 1.0725455284118652 1467
1786491772640 1.0280717611312866 1468
1786491775223 0.9644280076026917 1469
1786491777804 0.9996232986450195 1470
1786491780386 1.0253305435180664 1471
1786491782967 1.3522191047668457 1472
1786491785550 1.0679508447647095 1473
1786491788132 1.1723628044128418 1474
1786491790713 1.096912145614624 1475
1786491793296 0.9551898241043091 1476
1786491795877 1.0674562454223633 1477
1786491798458 0.934267520904541 1478
1786491801039 1.0475425720214844 1479
1786491803621 1.0999780893325806 1480
1786491806202 1.1065460443496704 1481
1786491808785 0.9946944713592529 1482
1786491811367 0.9966215491294861 1483
1786491813948 1.0345449447631836 1484
1786491816530 1.198570728302002 1485
1786491819112 1.040178894996643 1486
1786491821695 0.9842521548271179 1487
1786491824277 1.1286295652389526 1488
1786491826860 1.1766364574432373 1489
1786491829441 1.0814855098724365 1490
1786491832023 1.0329501628875732 1491
1786491834605 0.9740518927574158 1492
1786491837191 0.9358658790588379 1493
1786491839774 0.9706395268440247 1494
1786491842347 0.9461838006973267 1495
1786491844920 1.027828335762024 1496
1786491847493 1.0148403644561768 1497
1786491850067 0.957033634185791 1498
1786491852640 0.9836699962615967 1499
1786491857672 1.1522908210754395 1500
1786491860247 1.1216440200805664 1501
1786491862822 0.9338300824165344 1502
1786491865396 0.9690043330192566 1503
1786491867970 1.0979342460632324 1504
1786491870544 0.9609091877937317 1505
1786491873119 1.1128065586090088 1506
1786491875693 0.935861349105835 1507
1786491878267 0.947784423828125 1508
1786491880841 1.008420705795288 1509
1786491883416 0.9349278211593628 1510
1786491885990 0.9272474050521851 1511
1786491888564 1.0107672214508057 1512
1786491891141 1.2239725589752197 1513
1786491893717 1.0706899166107178 1514
1786491896294 1.0140366554260254 1515
1786491898869 1.3511788845062256 1516
1786491901443 1.1220163106918335 1517
1786491904018 1.0393887758255005 1518
1786491906601 1.1002960205078125 1519
1786491909176 1.073290228843689 1520
1786491911750 1.1125400066375732 1521
1786491914326 0.9981276392936707 1522
1786491916901 1.0495305061340332 1523
1786491919475 1.2219252586364746 1524
1786491922054 0.8793573379516602 1525
1786491924638 0.977059543132782 1526
1786491927221 1.1414794921875 1527
1786491929805 1.0252217054367065 1528
1786491932388 0.9753895998001099 1529
1786491934971 0.9899919033050537 1530
1786491937555 0.9630709290504456 1531
1786491940139 0.9869120717048645 1532
1786491942722 1.0767236948013306 1533
1786491945305 0.9391441345214844 1534
1786491947887 1.0110409259796143 1535
1786491950472 1.159935474395752 1536
1786491953055 1.0337557792663574 1537
1786491955637 1.0118297338485718 1538
1786491958221 1.0413497686386108 1539
1786491960804 1.1619478464126587 1540
1786491963386 1.0927459001541138 1541
1786491965968 0.9385881423950195 1542
1786491968553 1.0854612588882446 1543
1786491971139 1.025183081626892 1544
1786491973725 1.030919075012207 1545
1786491976310 1.1090632677078247 1546
1786491978893 1.0210179090499878 1547
1786491981477 0.9274548292160034 1548
1786491984062 0.9978569746017456 1549
1786491986648 0.9670693278312683 1550
1786491989233 1.012144923210144 1551
1786491991818 0.9379225373268127 1552
1786491994401 0.9296093583106995 1553
1786491996986 1.09228515625 1554
1786491999573 1.1837395429611206 1555
1786492002156 1.0180453062057495 1556
1786492004739 0.9867153167724609 1557
1786492007322 0.8996239900588989 1558
1786492009904 0.9083060622215271 1559
1786492012487 1.0964058637619019 1560
1786492015070 1.01138436794281 1561
1786492017653 1.0489189624786377 1562
1786492020236 1.0719929933547974 1563
1786492022820 0.9593973755836487 1564
1786492025403 1.0788366794586182 1565
1786492027986 1.1001818180084229 1566
1786492030569 1.203222393989563 1567
1786492033152 0.9616656303405762 1568
1786492035734 0.9946951866149902 1569
1786492038316 0.9688559174537659 1570
1786492040899 1.012344241142273 1571
1786492043483 0.9383453726768494 1572
1786492046065 0.9797923564910889 1573
1786492048649 1.0682117938995361 1574
1786492051232 8.103044509887695 1575
1786492053818 1.5605671405792236 1576
1786492056403 1.0227820873260498 1577
1786492058987 1.070845365524292 1578
1786492061570 1.3154317140579224 1579
1786492064152 1.0319597721099854 1580
1786492066734 1.016587495803833 1581
1786492069316 1.0060025453567505 1582
1786492071899 1.9911553859710693 1583
1786492074481 1.0565128326416016 1584
1786492077064 47.56919479370117 1585
1786492079646 3.58030104637146 1586
1786492082229 1.351883888244629 1587
1786492084811 1.3858627080917358 1588
1786492087394 2.3209304809570312 1589
1786492089978 1.2994709014892578 1590
1786492092560 1.613633632659912 1591
1786492095143 1.4365451335906982 1592
1786492097724 1.049605131149292 1593
1786492100306 1.1632684469223022 1594
1786492102890 1.6437889337539673 1595
1786492105474 1.066343903541565 1596
1786492108057 1.2458804845809937 1597
1786492110641 1.0683497190475464 1598
1786492113225 1.4361170530319214 1599
1786492115809 1.2471652030944824 1600
1786492118393 1.0722376108169556 1601
1786492120980 1.1538352966308594 1602
1786492123567 1.1521391868591309 1603
1786492126148 1.090925693511963 1604
1786492128730 1.4278072118759155 1605
1786492131313 1.1243380308151245 1606
1786492133900 1.0751068592071533 1607
1786492136486 1.1848417520523071 1608
1786492139071 1.0677999258041382 1609
1786492141656 1.0938208103179932 1610
1786492144241 1.0201983451843262 1611
1786492146828 1.0882515907287598 1612
1786492149411 1.0238584280014038 1613
1786492151995 1.110479474067688 1614
1786492154580 1.101141095161438 1615
1786492157164 1.020491600036621 1616
1786492159748 1.0554447174072266 1617
1786492162331 1.0335906744003296 1618
1786492164915 0.9933589100837708 1619
1786492167498 0.9282601475715637 1620
1786492170081 0.970537006855011 1621
1786492172665 0.9390854239463806 1622
1786492175249 1.1486337184906006 1623
1786492177833 1.107211709022522 1624
1786492180417 0.9297814965248108 1625
1786492183001 0.956308901309967 1626
1786492185585 0.872863233089447 1627
1786492188169 0.8667539358139038 1628
1786492190753 11.397923469543457 1629
1786492193338 1.5315957069396973 1630
1786492195928 1.1234036684036255 1631
1786492198514 1.12125825881958 1632
1786492201097 0.9114415049552917 1633
1786492203680 0.9963756203651428 1634
1786492206262 1.1067075729370117 1635
1786492208846 0.9900899529457092 1636
1786492211428 1.033410906791687 1637
1786492214011 0.9558627605438232 1638
1786492216592 0.8996128439903259 1639
1786492219176 0.9386674761772156 1640
1786492221759 0.9078615307807922 1641
1786492224343 1.0196161270141602 1642
1786492226928 1.016194462776184 1643
1786492229512 1.0985361337661743 1644
1786492232095 1.028489351272583 1645
1786492234679 0.9342249035835266 1646
1786492237263 0.938134491443634 1647
1786492239847 18.509252548217773 1648
1786492242430 1.2847552299499512 1649
1786492245014 1.253995656967163 1650
1786492247598 1.09005868434906 1651
1786492250186 1.0567772388458252 1652
1786492252772 1.009742021560669 1653
1786492255348 0.9082474708557129 1654
1786492257924 0.8492882251739502 1655
1786492260498 0.9640792012214661 1656
1786492263073 0.9312493205070496 1657
1786492265648 0.9555672407150269 1658
1786492268225 1.092391848564148 1659
1786492270808 0.9386159777641296 1660
1786492273391 0.9905103445053101 1661
1786492275975 1.1390776634216309 1662
1786492278562 1.0333822965621948 1663
1786492281146 1.064039945602417 1664
1786492283730 1.0002425909042358 1665
1786492286317 0.8803662657737732 1666
1786492288902 0.9073808193206787 1667
1786492291487 0.9667944312095642 1668
1786492294071 0.9817293882369995 1669
1786492296656 1.1095138788223267 1670
1786492299240 1.079859972000122 1671
1786492301825 0.9221365451812744 1672
1786492304409 0.9601035118103027 1673
1786492306993 0.9080857634544373 1674
1786492309578 1.000544786453247 1675
1786492312166 1.0445295572280884 1676
1786492314751 0.9929769039154053 1677
1786492317337 0.9649925231933594 1678
1786492319921 0.9240580797195435 1679
1786492322507 1.0803189277648926 1680
1786492325092 0.9568616151809692 1681
1786492327676 0.8502915501594543 1682
1786492330260 0.8642120361328125 1683
1786492332844 0.9085859060287476 1684
1786492335423 0.871145486831665 1685
1786492337997 0.9753601551055908 1686
1786492340572 0.9631727933883667 1687
1786492343146 0.9543526768684387 1688
1786492345721 0.9168946146965027 1689
1786492348295 1.013695478439331 1690
1786492350871 1.136500597000122 1691
1786492353447 0.9875580072402954 1692
1786492356023 1.0824880599975586 1693
1786492358599 0.9121026992797852 1694
1786492361173 0.8718339800834656 1695
1786492363747 0.9330334663391113 1696
1786492366321 0.912113606929779 1697
1786492368895 1.036326289176941 1698
1786492371470 1.0293339490890503 1699
1786492374045 0.9430169463157654 1700
1786492376619 1.0050852298736572 1701
1786492379193 0.9926959872245789 1702
1786492381767 1.0709125995635986 1703
1786492384342 1.0192960500717163 1704
1786492386917 0.9393795132637024 1705
1786492389491 0.9271920919418335 1706
1786492392065 1.0206516981124878 1707
1786492394639 0.927040159702301 1708
1786492397214 1.0040559768676758 1709
1786492399788 1.0496082305908203 1710
1786492402362 1.0411884784698486 1711
1786492404936 0.9366896152496338 1712
1786492407510 0.8976855278015137 1713
1786492410085 0.8300973176956177 1714
1786492412659 0.8385748863220215 1715
1786492415236 0.8534069061279297 1716
1786492417811 0.9401232004165649 1717
1786492420385 0.8657527565956116 1718
1786492422959 0.8144916296005249 1719
1786492425534 0.875846803188324 1720
1786492428108 0.9728164076805115 1721
1786492430682 1.2126024961471558 1722
1786492433258 0.8820886611938477 1723
1786492435834 0.9324698448181152 1724
1786492438408 0.9613139629364014 1725
1786492440982 1.0035314559936523 1726
1786492443556 0.9000990986824036 1727
1786492446131 0.8622217774391174 1728
1786492448706 0.9740038514137268 1729
1786492451280 0.9475564360618591 1730
1786492453854 0.8744779229164124 1731
1786492456428 0.8662605881690979 1732
1786492459006 0.8660549521446228 1733
1786492461579 0.8720802068710327 1734
1786492464154 0.8409548997879028 1735
1786492466729 0.9458039999008179 1736
1786492469303 0.9820619225502014 1737
1786492471877 0.9487683176994324 1738
1786492474451 0.9104185700416565 1739
1786492477025 0.8326802253723145 1740
1786492479607 0.8552533984184265 1741
1786492482191 0.8273360133171082 1742
1786492484773 0.7908797264099121 1743
1786492487355 0.9021934270858765 1744
1786492489937 0.8442482352256775 1745
1786492492523 0.8530907034873962 1746
1786492495107 0.886807918548584 1747
1786492497690 1.0049471855163574 1748
1786492500274 0.9785476922988892 1749
1786492502856 0.8757815957069397 1750
1786492505440 0.8147079348564148 1751
1786492508024 0.9639609456062317 1752
1786492510606 0.9583651423454285 1753
1786492513191 0.8950097560882568 1754
1786492515777 0.8649821281433105 1755
1786492518363 0.8077487349510193 1756
1786492520947 0.7853015661239624 1757
1786492523532 0.851247251033783 1758
1786492526117 0.8573377132415771 1759
1786492528702 0.9438677430152893 1760
1786492531290 0.8837819695472717 1761
1786492533875 0.8889706134796143 1762
1786492536460 0.8176823258399963 1763
1786492539045 0.8743515610694885 1764
1786492541629 0.9872807860374451 1765
1786492544215 0.9203807711601257 1766
1786492546806 0.8361283540725708 1767
1786492549389 0.8444830775260925 1768
1786492551973 0.8943051099777222 1769
1786492554556 0.9630807638168335 1770
1786492557140 0.991515576839447 1771
1786492559724 1.043956995010376 1772
1786492562301 0.9379201531410217 1773
1786492564878 0.92195063829422 1774
1786492567454 0.8282445669174194 1775
1786492570030 0.8453235030174255 1776
1786492572605 0.885019838809967 1777
1786492575181 0.8057712316513062 1778
1786492577762 0.8672610521316528 1779
1786492580354 0.8526750802993774 1780
1786492582937 0.8493325710296631 1781
1786492585521 0.878995418548584 1782
1786492588104 0.8444926738739014 1783
1786492590688 0.8506797552108765 1784
1786492593271 0.8840484619140625 1785
1786492595850 0.8924792408943176 1786
1786492598424 0.8668338656425476 1787
1786492600999 0.9169423580169678 1788
1786492603573 0.8756435513496399 1789
1786492606148 1.038448691368103 1790
1786492608722 1.0384438037872314 1791
1786492611296 0.8664478659629822 1792
1786492613872 0.8132083415985107 1793
1786492616446 0.8919631838798523 1794
1786492619020 0.835774838924408 1795
1786492621594 0.8721866607666016 1796
1786492624168 0.9085877537727356 1797
1786492626742 0.9237769842147827 1798
1786492629318 0.8479614853858948 1799
1786492631893 0.8811768293380737 1800
1786492634470 0.8171389698982239 1801
1786492637045 0.9352940320968628 1802
1786492639619 0.8501387238502502 1803
1786492642194 0.8614694476127625 1804
1786492644770 0.8645263314247131 1805
1786492647348 0.8672983646392822 1806
1786492649923 0.9108356237411499 1807
1786492652498 0.8585108518600464 1808
1786492655072 0.8152867555618286 1809
1786492657646 0.8593941330909729 1810
1786492660221 0.9441606998443604 1811
1786492662795 0.8564479351043701 1812
1786492665370 0.8175029754638672 1813
1786492667944 0.7914174795150757 1814
1786492670519 0.8259315490722656 1815
1786492673094 0.7435299158096313 1816
1786492675669 0.7715480327606201 1817
1786492678246 0.7202559113502502 1818
1786492680820 0.8362790942192078 1819
1786492683395 0.8166550993919373 1820
1786492685970 0.8469915390014648 1821
1786492688544 0.9166877865791321 1822
1786492691119 0.8751646280288696 1823
1786492693704 0.8456373810768127 1824
1786492696292 0.9270793199539185 1825
1786492698877 0.8643583059310913 1826
1786492701461 0.857805073261261 1827
1786492704046 0.8316468000411987 1828
1786492706632 0.8215064406394958 1829
1786492709220 0.7943167686462402 1830
1786492711805 0.9243204593658447 1831
1786492714390 0.8548757433891296 1832
1786492716975 0.8016108870506287 1833
1786492719561 0.9295237064361572 1834
1786492722146 1.004027009010315 1835
1786492724732 0.8654738664627075 1836
1786492727316 0.8894224166870117 1837
1786492729900 0.8407678604125977 1838
1786492732486 0.8134369850158691 1839
1786492735071 0.7631460428237915 1840
1786492737656 0.7501347661018372 1841
1786492740242 0.7828490734100342 1842
1786492742827 0.8325475454330444 1843
1786492745413 0.8374426960945129 1844
1786492747999 0.8629191517829895 1845
1786492750584 0.8606646656990051 1846
1786492753169 0.8507872223854065 1847
1786492755755 0.8113479614257812 1848
1786492758339 0.7966800332069397 1849
1786492760924 0.8683325052261353 1850
1786492763509 0.9419639706611633 1851
1786492766094 0.8607958555221558 1852
1786492768680 0.8912380337715149 1853
1786492771264 0.9595760107040405 1854
1786492773850 0.9925562143325806 1855
1786492776435 1.0808461904525757 1856
1786492779020 0.9266678690910339 1857
1786492781604 0.8989550471305847 1858
1786492784189 0.8369804620742798 1859
1786492786774 0.8160170316696167 1860
1786492789358 0.8201172947883606 1861
1786492791943 0.8298465013504028 1862
1786492794531 0.7607259750366211 1863
1786492797119 0.8497806191444397 1864
1786492799705 0.8281355500221252 1865
1786492802290 0.7349490523338318 1866
1786492804876 0.8041677474975586 1867
1786492807473 0.8286964297294617 1868
1786492810059 0.842425525188446 1869
1786492812644 0.7342557311058044 1870
1786492815230 0.8040448427200317 1871
1786492817815 0.779691755771637 1872
1786492820400 0.7447715997695923 1873
1786492822986 11.4876708984375 1874
1786492825571 0.9370595812797546 1875
1786492828154 1.0074528455734253 1876
1786492830737 0.9275221228599548 1877
1786492833320 0.8934071660041809 1878
1786492835903 0.820281445980072 1879
1786492838486 0.750782310962677 1880
1786492841070 0.8721888661384583 1881
1786492843653 0.8638692498207092 1882
1786492846236 0.9337119460105896 1883
1786492848819 0.9602556824684143 1884
1786492851403 0.9017679691314697 1885
1786492853988 0.8878840804100037 1886
1786492856571 0.9142389297485352 1887
1786492859154 1.1621739864349365 1888
1786492861736 0.9849454760551453 1889
1786492864319 0.8604280948638916 1890
1786492866902 0.8785353302955627 1891
1786492869485 0.8595293164253235 1892
1786492872067 0.8289632201194763 1893
1786492874650 0.9203281402587891 1894
1786492877233 1.0915822982788086 1895
1786492879815 0.9679803252220154 1896
1786492882397 0.8944410681724548 1897
1786492884980 0.8754118084907532 1898
1786492887562 0.8065253496170044 1899
1786492890145 0.7848260402679443 1900
1786492892728 0.7566272616386414 1901
1786492895311 0.7406017184257507 1902
1786492897896 0.8268759250640869 1903
1786492900480 0.9149155616760254 1904
1786492903065 0.9361807703971863 1905
1786492905651 0.8670088052749634 1906
1786492908238 0.8213356733322144 1907
1786492910827 0.7896115779876709 1908
1786492913413 0.835945725440979 1909
1786492916000 0.8468017578125 1910
1786492918586 0.7690191864967346 1911
1786492921170 0.8189863562583923 1912
1786492923756 0.8666910529136658 1913
1786492926341 0.8401755690574646 1914
1786492928926 0.8355147838592529 1915
1786492931510 0.8931057453155518 1916
1786492934095 0.804655909538269 1917
1786492936680 0.7065644860267639 1918
1786492939266 0.8183193802833557 1919
1786492941851 0.8397796154022217 1920
1786492944436 0.9188849329948425 1921
1786492947021 0.7857917547225952 1922
1786492949606 0.8053262829780579 1923
1786492952191 0.8182696104049683 1924
1786492954775 0.7949634790420532 1925
1786492957360 0.8886079788208008 1926
1786492959945 0.9059077501296997 1927
1786492962530 0.8896158933639526 1928
1786492965114 0.8053223490715027 1929
1786492967699 0.8906224966049194 1930
1786492970285 0.9757013916969299 1931
1786492972877 0.8347722887992859 1932
1786492975462 0.8367271423339844 1933
1786492978045 0.8013018369674683 1934
1786492980629 0.8088342547416687 1935
1786492983213 0.7709588408470154 1936
1786492985801 0.7611966729164124 1937
1786492988386 0.7500317096710205 1938
1786492990971 0.7563509941101074 1939
1786492993556 0.7740145921707153 1940
1786492996142 0.7370505928993225 1941
1786492998726 0.7950538396835327 1942
1786493001314 0.8166898488998413 1943
1786493003898 0.830012857913971 1944
1786493006483 0.7751060128211975 1945
1786493009067 0.7763664722442627 1946
1786493011653 0.7562717199325562 1947
1786493014237 0.8401170372962952 1948
1786493016821 0.9141769409179688 1949
1786493019405 0.9294023513793945 1950
1786493021990 0.7801688313484192 1951
1786493024574 0.7730579972267151 1952
1786493027159 0.7521266341209412 1953
1786493029744 0.7602052092552185 1954
1786493032329 0.8208235502243042 1955
1786493034914 0.7417948842048645 1956
1786493037500 0.7264924645423889 1957
1786493040087 0.7771860957145691 1958
1786493042671 0.8220080137252808 1959
1786493045257 0.8312073945999146 1960
1786493047842 0.7586520314216614 1961
1786493050426 0.8250353932380676 1962
1786493053011 0.8048651218414307 1963
1786493055596 0.7706050276756287 1964
1786493058181 0.8068879246711731 1965
1786493060765 0.7743465304374695 1966
1786493063351 0.7432687878608704 1967
1786493065936 0.7096759080886841 1968
1786493068520 0.7427927255630493 1969
1786493071106 0.7432681322097778 1970
1786493073691 0.7365591526031494 1971
1786493076277 0.7388051152229309 1972
1786493078861 0.7414409518241882 1973
1786493081446 0.7334035634994507 1974
1786493084031 0.7047560811042786 1975
1786493086615 0.7330121397972107 1976
1786493089201 0.7425832152366638 1977
1786493091787 0.7453603148460388 1978
1786493094372 0.7304372191429138 1979
1786493096957 0.7921042442321777 1980
1786493099542 0.9171944260597229 1981
1786493102126 0.8615845441818237 1982
1786493104712 0.7832008600234985 1983
1786493107297 0.8341356515884399 1984
1786493109881 0.8289782404899597 1985
1786493112465 0.8158721923828125 1986
1786493115050 0.8846465349197388 1987
1786493117637 0.8807497024536133 1988
1786493120221 0.7715551257133484 1989
1786493122805 0.7534894943237305 1990
1786493125389 0.7517826557159424 1991
1786493127973 0.7714665532112122 1992
1786493130557 0.7875929474830627 1993
1786493133141 0.8610838055610657 1994
1786493135725 0.7673489451408386 1995
1786493138312 0.8032251596450806 1996
1786493140898 0.8989412188529968 1997
1786493143484 0.8963321447372437 1998
1786493146067 0.7713692784309387 1999
