1786487967578 3e-07 0
1786487970157 4.5e-07 1
1786487972732 6e-07 2
1786487975306 7.499999999999999e-07 3
1786487977880 9e-07 4
1786487980455 1.05e-06 5
1786487983032 1.2e-06 6
1786487985629 1.3499999999999998e-06 7
1786487988206 1.4999999999999998e-06 8
1786487990783 1.6499999999999997e-06 9
1786487993363 1.8e-06 10
1786487995941 1.9499999999999995e-06 11
1786487998517 2.1e-06 12
1786488001096 2.2499999999999996e-06 13
1786488003675 2.4e-06 14
1786488006255 2.55e-06 15
1786488008837 2.6999999999999996e-06 16
1786488011419 2.85e-06 17
1786488014008 2.9999999999999997e-06 18
1786488016594 3.15e-06 19
1786488019184 3.2999999999999993e-06 20
1786488021774 3.4499999999999996e-06 21
1786488024355 3.6e-06 22
1786488026935 3.7499999999999997e-06 23
1786488029515 3.899999999999999e-06 24
1786488032095 4.049999999999999e-06 25
1786488034674 4.2e-06 26
1786488037255 4.35e-06 27
1786488039835 4.499999999999999e-06 28
1786488042418 4.6499999999999995e-06 29
1786488045012 4.8e-06 30
1786488047595 4.95e-06 31
1786488050181 5.1e-06 32
1786488052762 5.25e-06 33
1786488055348 5.399999999999999e-06 34
1786488057932 5.549999999999999e-06 35
1786488060519 5.7e-06 36
1786488063106 5.85e-06 37
1786488065691 5.999999999999999e-06 38
1786488068273 6.1499999999999996e-06 39
1786488070854 6.3e-06 40
1786488073437 6.449999999999999e-06 41
1786488076022 6.599999999999999e-06 42
1786488078607 6.749999999999999e-06 43
1786488081196 6.899999999999999e-06 44
1786488083781 7.049999999999999e-06 45
1786488086371 7.2e-06 46
1786488088962 7.35e-06 47
1786488091545 7.499999999999999e-06 48
1786488094127 7.65e-06 49
1786488096710 7.799999999999998e-06 50
1786488099294 7.949999999999998e-06 51
1786488101878 8.099999999999999e-06 52
1786488104458 8.249999999999999e-06 53
1786488107037 8.4e-06 54
1786488109622 8.55e-06 55
1786488112208 8.7e-06 56
1786488114797 8.849999999999998e-06 57
1786488117386 8.999999999999999e-06 58
1786488119980 9.149999999999999e-06 59
1786488122567 9.299999999999999e-06 60
1786488125151 9.45e-06 61
1786488127732 9.6e-06 62
1786488130313 9.75e-06 63
1786488132896 9.9e-06 64
1786488135479 1.005e-05 65
1786488138062 1.02e-05 66
1786488140646 1.035e-05 67
1786488143231 1.05e-05 68
1786488145815 1.0649999999999998e-05 69
1786488148404 1.0799999999999998e-05 70
1786488150997 1.0949999999999998e-05 71
1786488153591 1.1099999999999999e-05 72
1786488156172 1.1249999999999999e-05 73
1786488158760 1.14e-05 74
1786488161341 1.155e-05 75
1786488163923 1.17e-05 76
1786488166505 1.1849999999999998e-05 77
1786488169088 1.1999999999999999e-05 78
1786488171676 1.2149999999999999e-05 79
1786488174258 1.2299999999999999e-05 80
1786488176839 1.245e-05 81
1786488179423 1.26e-05 82
1786488182008 1.275e-05 83
1786488184592 1.2899999999999998e-05 84
1786488187178 1.3049999999999999e-05 85
1786488189760 1.3199999999999997e-05 86
1786488192341 1.3349999999999998e-05 87
1786488194922 1.3499999999999998e-05 88
1786488197502 1.3649999999999998e-05 89
1786488200080 1.3799999999999998e-05 90
1786488202659 1.3949999999999999e-05 91
1786488205239 1.4099999999999999e-05 92
1786488207818 1.4249999999999999e-05 93
1786488210402 1.44e-05 94
1786488212984 1.455e-05 95
1786488215566 1.47e-05 96
1786488218144 1.485e-05 97
1786488220723 1.4999999999999999e-05 98
1786488223304 1.5149999999999999e-05 99
1786488225887 1.53e-05 100
1786488228475 1.545e-05 101
1786488231063 1.5599999999999996e-05 102
1786488233647 1.5749999999999997e-05 103
1786488236231 1.5899999999999997e-05 104
1786488238814 1.6049999999999997e-05 105
1786488241398 1.6199999999999997e-05 106
1786488243979 1.6349999999999998e-05 107
1786488246569 1.6499999999999998e-05 108
1786488249154 1.6649999999999998e-05 109
1786488251737 1.68e-05 110
1786488254320 1.695e-05 111
1786488256903 1.71e-05 112
1786488259479 1.725e-05 113
1786488262057 1.74e-05 114
1786488264630 1.755e-05 115
1786488267216 1.7699999999999997e-05 116
1786488269797 1.7849999999999997e-05 117
1786488272376 1.7999999999999997e-05 118
1786488274957 1.8149999999999997e-05 119
1786488277537 1.8299999999999998e-05 120
1786488280118 1.8449999999999998e-05 121
1786488282702 1.8599999999999998e-05 122
1786488285286 1.875e-05 123
1786488287867 1.89e-05 124
1786488290448 1.905e-05 125
1786488293031 1.92e-05 126
1786488295613 1.935e-05 127
1786488298195 1.95e-05 128
1786488300775 1.965e-05 129
1786488303360 1.98e-05 130
1786488305954 1.995e-05 131
1786488308537 2.01e-05 132
1786488311119 2.025e-05 133
1786488313702 2.04e-05 134
1786488316282 2.055e-05 135
1786488318863 2.07e-05 136
1786488321444 2.085e-05 137
1786488324025 2.1e-05 138
1786488326607 2.1149999999999996e-05 139
1786488329190 2.1299999999999996e-05 140
1786488331774 2.1449999999999996e-05 141
1786488334358 2.1599999999999996e-05 142
1786488336943 2.1749999999999997e-05 143
1786488339529 2.1899999999999997e-05 144
1786488342112 2.2049999999999997e-05 145
1786488344695 2.2199999999999998e-05 146
1786488347275 2.2349999999999998e-05 147
1786488349858 2.2499999999999998e-05 148
1786488352441 2.2649999999999998e-05 149
1786488355025 2.28e-05 150
1786488357607 2.295e-05 151
1786488360188 2.31e-05 152
1786488362770 2.325e-05 153
1786488365353 2.34e-05 154
1786488367939 2.3549999999999996e-05 155
1786488370526 2.3699999999999997e-05 156
1786488373110 2.3849999999999997e-05 157
1786488375696 2.3999999999999997e-05 158
1786488378280 2.4149999999999997e-05 159
1786488380860 2.4299999999999998e-05 160
1786488383442 2.4449999999999998e-05 161
1786488386024 2.4599999999999998e-05 162
1786488388608 2.475e-05 163
1786488391188 2.49e-05 164
1786488393768 2.505e-05 165
1786488396348 2.52e-05 166
1786488398934 2.535e-05 167
1786488401516 2.55e-05 168
1786488404100 2.565e-05 169
1786488406684 2.5799999999999997e-05 170
1786488409266 2.5949999999999997e-05 171
1786488411845 2.6099999999999997e-05 172
1786488414428 2.6249999999999998e-05 173
1786488417014 2.6399999999999995e-05 174
1786488419597 2.6549999999999995e-05 175
1786488422177 2.6699999999999995e-05 176
1786488424759 2.6849999999999995e-05 177
1786488427340 2.6999999999999996e-05 178
1786488429921 2.7149999999999996e-05 179
1786488432500 2.7299999999999996e-05 180
1786488435080 2.7449999999999996e-05 181
1786488437661 2.7599999999999997e-05 182
1786488440243 2.7749999999999997e-05 183
1786488442826 2.7899999999999997e-05 184
1786488445413 2.8049999999999997e-05 185
1786488447999 2.8199999999999998e-05 186
1786488450587 2.8349999999999998e-05 187
1786488453196 2.8499999999999998e-05 188
1786488455778 2.865e-05 189
1786488458363 2.88e-05 190
1786488460946 2.895e-05 191
1786488463530 2.91e-05 192
1786488466112 2.925e-05 193
1786488468696 2.94e-05 194
1786488471278 2.955e-05 195
1786488473863 2.97e-05 196
1786488476445 2.985e-05 197
1786488479034 2.9999999999999997e-05 198
1786488481617 3.0149999999999998e-05 199
1786488484190 3.0299999999999998e-05 200
1786488486765 3.0449999999999998e-05 201
1786488489341 3.06e-05 202
1786488491922 3.0749999999999995e-05 203
1786488494504 3.09e-05 204
1786488497086 3.1049999999999996e-05 205
1786488499668 3.119999999999999e-05 206
1786488502249 3.1349999999999996e-05 207
1786488504833 3.149999999999999e-05 208
1786488507414 3.165e-05 209
1786488509991 3.1799999999999994e-05 210
1786488512574 3.195e-05 211
1786488515156 3.2099999999999994e-05 212
1786488517742 3.225e-05 213
1786488520331 3.2399999999999995e-05 214
1786488522919 3.255e-05 215
1786488525514 3.2699999999999995e-05 216
1786488528104 3.285e-05 217
1786488530690 3.2999999999999996e-05 218
1786488533284 3.315e-05 219
1786488535868 3.3299999999999996e-05 220
1786488538454 3.345e-05 221
1786488541040 3.36e-05 222
1786488543632 3.375e-05 223
1786488546220 3.39e-05 224
1786488548804 3.405e-05 225
1786488551393 3.42e-05 226
1786488553978 3.435e-05 227
1786488556559 3.45e-05 228
1786488559142 3.465e-05 229
1786488561726 3.48e-05 230
1786488564310 3.4949999999999996e-05 231
1786488566893 3.51e-05 232
1786488569478 3.5249999999999996e-05 233
1786488572060 3.539999999999999e-05 234
1786488574645 3.555e-05 235
1786488577226 3.5699999999999994e-05 236
1786488579806 3.585e-05 237
1786488582386 3.5999999999999994e-05 238
1786488584966 3.615e-05 239
1786488587551 3.6299999999999995e-05 240
1786488590135 3.645e-05 241
1786488592718 3.6599999999999995e-05 242
1786488595306 3.675e-05 243
1786488597893 3.6899999999999996e-05 244
1786488600486 3.705e-05 245
1786488603075 3.7199999999999996e-05 246
1786488605662 3.735e-05 247
1786488608256 3.75e-05 248
1786488610838 3.7649999999999994e-05 249
1786488613420 3.78e-05 250
1786488616014 3.7949999999999994e-05 251
1786488618594 3.81e-05 252
1786488621181 3.8249999999999995e-05 253
1786488623773 3.84e-05 254
1786488626354 3.8549999999999995e-05 255
1786488628938 3.87e-05 256
1786488631530 3.8849999999999996e-05 257
1786488634117 3.9e-05 258
1786488636702 3.9149999999999996e-05 259
1786488639294 3.93e-05 260
1786488641878 3.945e-05 261
1786488644465 3.96e-05 262
1786488647049 3.975e-05 263
1786488649639 3.99e-05 264
1786488652238 4.005e-05 265
1786488654829 4.02e-05 266
1786488657411 4.035e-05 267
1786488660003 4.05e-05 268
1786488662587 4.065e-05 269
1786488665176 4.08e-05 270
1786488667766 4.095e-05 271
1786488670349 4.11e-05 272
1786488672939 4.125e-05 273
1786488675532 4.14e-05 274
1786488678129 4.155e-05 275
1786488680716 4.17e-05 276
1786488683310 4.185e-05 277
1786488685900 4.2e-05 278
1786488688483 4.215e-05 279
1786488691067 4.229999999999999e-05 280
1786488693658 4.2449999999999995e-05 281
1786488696243 4.259999999999999e-05 282
1786488698826 4.2749999999999996e-05 283
1786488701420 4.289999999999999e-05 284
1786488704002 4.3049999999999996e-05 285
1786488706588 4.319999999999999e-05 286
1786488709180 4.334999999999999e-05 287
1786488711772 4.3499999999999993e-05 288
1786488714355 4.364999999999999e-05 289
1786488716942 4.3799999999999994e-05 290
1786488719531 4.394999999999999e-05 291
1786488722112 4.4099999999999995e-05 292
1786488724695 4.424999999999999e-05 293
1786488727279 4.4399999999999995e-05 294
1786488729866 4.454999999999999e-05 295
1786488732462 4.4699999999999996e-05 296
1786488735048 4.484999999999999e-05 297
1786488737632 4.4999999999999996e-05 298
1786488740214 4.514999999999999e-05 299
1786488742805 4.5299999999999997e-05 300
1786488745388 4.5449999999999993e-05 301
1786488747969 4.56e-05 302
1786488750557 4.5749999999999994e-05 303
1786488753141 4.59e-05 304
1786488755724 4.6049999999999994e-05 305
1786488758307 4.62e-05 306
1786488760889 4.6349999999999995e-05 307
1786488763472 4.65e-05 308
1786488766056 4.6649999999999996e-05 309
1786488768640 4.68e-05 310
1786488771227 4.6949999999999996e-05 311
1786488773819 4.709999999999999e-05 312
1786488776400 4.7249999999999997e-05 313
1786488778985 4.7399999999999993e-05 314
1786488781571 4.755e-05 315
1786488784154 4.7699999999999994e-05 316
1786488786741 4.785e-05 317
1786488789324 4.7999999999999994e-05 318
1786488791908 4.815e-05 319
1786488794495 4.8299999999999995e-05 320
1786488797080 4.845e-05 321
1786488799662 4.8599999999999995e-05 322
1786488802238 4.875e-05 323
1786488804810 4.8899999999999996e-05 324
1786488807382 4.905e-05 325
1786488809956 4.9199999999999997e-05 326
1786488812538 4.935e-05 327
1786488815113 4.95e-05 328
1786488817696 4.965e-05 329
1786488820273 4.98e-05 330
1786488822849 4.995e-05 331
1786488825423 5.01e-05 332
1786488828004 5.025e-05 333
1786488830596 5.04e-05 334
1786488833178 5.055e-05 335
1786488835770 5.07e-05 336
1786488838350 5.0849999999999996e-05 337
1786488840932 5.1e-05 338
1786488843519 5.1149999999999996e-05 339
1786488846105 5.13e-05 340
1786488848689 5.145e-05 341
1786488851270 5.1599999999999994e-05 342
1786488853853 5.174999999999999e-05 343
1786488856438 5.1899999999999994e-05 344
1786488859025 5.204999999999999e-05 345
1786488861605 5.2199999999999995e-05 346
1786488864194 5.234999999999999e-05 347
1786488866779 5.2499999999999995e-05 348
1786488869368 5.264999999999999e-05 349
1786488871946 5.279999999999999e-05 350
1786488874522 5.294999999999999e-05 351
1786488877097 5.309999999999999e-05 352
1786488879679 5.324999999999999e-05 353
1786488882262 5.339999999999999e-05 354
1786488884844 5.3549999999999994e-05 355
1786488887424 5.369999999999999e-05 356
1786488890004 5.3849999999999994e-05 357
1786488892584 5.399999999999999e-05 358
1786488895164 5.4149999999999995e-05 359
1786488897746 5.429999999999999e-05 360
1786488900328 5.4449999999999995e-05 361
1786488902910 5.459999999999999e-05 362
1786488905492 5.4749999999999996e-05 363
1786488908074 5.489999999999999e-05 364
1786488910662 5.5049999999999996e-05 365
1786488913247 5.519999999999999e-05 366
1786488915831 5.535e-05 367
1786488918413 5.5499999999999994e-05 368
1786488920998 5.565e-05 369
1786488923584 5.5799999999999994e-05 370
1786488926166 5.595e-05 371
1786488928749 5.6099999999999995e-05 372
1786488931330 5.625e-05 373
1786488933912 5.6399999999999995e-05 374
1786488936494 5.654999999999999e-05 375
1786488939076 5.6699999999999996e-05 376
1786488941658 5.684999999999999e-05 377
1786488944241 5.6999999999999996e-05 378
1786488946823 5.714999999999999e-05 379
1786488949405 5.73e-05 380
1786488951986 5.7449999999999994e-05 381
1786488954568 5.76e-05 382
1786488957152 5.7749999999999994e-05 383
1786488959736 5.79e-05 384
1786488962317 5.8049999999999995e-05 385
1786488964899 5.82e-05 386
1786488967481 5.8349999999999995e-05 387
1786488970063 5.85e-05 388
1786488972645 5.8649999999999996e-05 389
1786488975228 5.88e-05 390
1786488977811 5.8949999999999996e-05 391
1786488980393 5.91e-05 392
1786488982975 5.925e-05 393
1786488985557 5.94e-05 394
1786488988139 5.955e-05 395
1786488990721 5.97e-05 396
1786488993302 5.985e-05 397
1786488995884 5.9999999999999995e-05 398
1786488998467 6.015e-05 399
1786489001051 6.0299999999999995e-05 400
1786489003633 6.045e-05 401
1786489006215 6.0599999999999996e-05 402
1786489008797 6.075e-05 403
1786489011381 6.0899999999999996e-05 404
1786489013963 6.104999999999999e-05 405
1786489016544 6.12e-05 406
1786489019126 6.134999999999999e-05 407
1786489021708 6.149999999999999e-05 408
1786489024291 6.165e-05 409
1786489026874 6.18e-05 410
1786489029459 6.194999999999999e-05 411
1786489032041 6.209999999999999e-05 412
1786489034623 6.225e-05 413
1786489037205 6.239999999999999e-05 414
1786489039787 6.254999999999999e-05 415
1786489042371 6.269999999999999e-05 416
1786489044954 6.285e-05 417
1786489047537 6.299999999999999e-05 418
1786489050119 6.314999999999999e-05 419
1786489052702 6.33e-05 420
1786489055284 6.345e-05 421
1786489057866 6.359999999999999e-05 422
1786489060447 6.374999999999999e-05 423
1786489063029 6.39e-05 424
1786489065611 6.405e-05 425
1786489068193 6.419999999999999e-05 426
1786489070775 6.434999999999999e-05 427
1786489073357 6.45e-05 428
1786489075940 6.465e-05 429
1786489078522 6.479999999999999e-05 430
1786489081105 6.494999999999999e-05 431
1786489083687 6.51e-05 432
1786489086269 6.525e-05 433
1786489088851 6.539999999999999e-05 434
1786489091433 6.555e-05 435
1786489094016 6.57e-05 436
1786489096598 6.584999999999999e-05 437
1786489099183 6.599999999999999e-05 438
1786489101767 6.615e-05 439
1786489104351 6.63e-05 440
1786489106934 6.644999999999999e-05 441
1786489109518 6.659999999999999e-05 442
1786489112102 6.675e-05 443
1786489114691 6.69e-05 444
1786489117276 6.704999999999999e-05 445
1786489119861 6.72e-05 446
1786489122448 6.735e-05 447
1786489125034 6.75e-05 448
1786489127618 6.764999999999999e-05 449
1786489130203 6.78e-05 450
1786489132789 6.795e-05 451
1786489135377 6.81e-05 452
1786489137950 6.824999999999999e-05 453
1786489140522 6.84e-05 454
1786489143098 6.855e-05 455
1786489145672 6.87e-05 456
1786489148246 6.884999999999999e-05 457
1786489150820 6.9e-05 458
1786489153394 6.915e-05 459
1786489155967 6.93e-05 460
1786489158540 6.945e-05 461
1786489161114 6.96e-05 462
1786489163687 6.975e-05 463
1786489166260 6.989999999999999e-05 464
1786489168834 7.005e-05 465
1786489171408 7.02e-05 466
1786489173983 7.034999999999999e-05 467
1786489176558 7.049999999999999e-05 468
1786489179131 7.065e-05 469
1786489181704 7.079999999999999e-05 470
1786489184277 7.094999999999999e-05 471
1786489186850 7.11e-05 472
1786489189425 7.125e-05 473
1786489191999 7.139999999999999e-05 474
1786489194573 7.154999999999999e-05 475
1786489197146 7.17e-05 476
1786489199718 7.184999999999998e-05 477
1786489202293 7.199999999999999e-05 478
1786489204865 7.214999999999999e-05 479
1786489207451 7.23e-05 480
1786489210023 7.244999999999999e-05 481
1786489212596 7.259999999999999e-05 482
1786489215171 7.274999999999999e-05 483
1786489217744 7.29e-05 484
1786489220317 7.304999999999999e-05 485
1786489222891 7.319999999999999e-05 486
1786489225465 7.335e-05 487
1786489228039 7.35e-05 488
1786489230611 7.364999999999999e-05 489
1786489233186 7.379999999999999e-05 490
1786489235760 7.395e-05 491
1786489238334 7.41e-05 492
1786489240908 7.424999999999999e-05 493
1786489243484 7.439999999999999e-05 494
1786489246058 7.455e-05 495
1786489248632 7.47e-05 496
1786489251206 7.484999999999999e-05 497
1786489253786 7.5e-05 498
1786489256368 7.515e-05 499
1786489267802 7.529999999999999e-05 500
1786489270391 7.544999999999999e-05 501
1786489272973 7.56e-05 502
1786489275554 7.575e-05 503
1786489278135 7.589999999999999e-05 504
1786489280717 7.604999999999999e-05 505
1786489283299 7.62e-05 506
1786489285882 7.635e-05 507
1786489288466 7.649999999999999e-05 508
1786489291049 7.664999999999999e-05 509
1786489293634 7.68e-05 510
1786489296217 7.695e-05 511
1786489298802 7.709999999999999e-05 512
1786489301388 7.725e-05 513
1786489303979 7.74e-05 514
1786489306564 7.755e-05 515
1786489309148 7.769999999999999e-05 516
1786489311732 7.785e-05 517
1786489314317 7.8e-05 518
1786489316902 7.815e-05 519
1786489319488 7.829999999999999e-05 520
1786489322071 7.845e-05 521
1786489324654 7.86e-05 522
1786489327238 7.874999999999999e-05 523
1786489329821 7.89e-05 524
1786489332404 7.905e-05 525
1786489334989 7.92e-05 526
1786489337576 7.934999999999999e-05 527
1786489340160 7.95e-05 528
1786489342743 7.965e-05 529
1786489345327 7.98e-05 530
1786489347910 7.994999999999999e-05 531
1786489350494 8.01e-05 532
1786489353077 8.025e-05 533
1786489355661 8.04e-05 534
1786489358244 8.054999999999999e-05 535
1786489360827 8.07e-05 536
1786489363410 8.085e-05 537
1786489365994 8.1e-05 538
1786489368578 8.115e-05 539
1786489371162 8.13e-05 540
1786489373745 8.145e-05 541
1786489376328 8.16e-05 542
1786489378911 8.175e-05 543
1786489381494 8.19e-05 544
1786489384078 8.205e-05 545
1786489386662 8.22e-05 546
1786489389253 8.235e-05 547
1786489391836 8.25e-05 548
1786489394420 8.265e-05 549
1786489397003 8.28e-05 550
1786489399587 8.295e-05 551
1786489402171 8.31e-05 552
1786489404755 8.325e-05 553
1786489407339 8.34e-05 554
1786489409923 8.355e-05 555
1786489412506 8.37e-05 556
1786489415090 8.385e-05 557
1786489417674 8.4e-05 558
1786489420257 8.415e-05 559
1786489422841 8.43e-05 560
1786489425423 8.444999999999998e-05 561
1786489428005 8.459999999999998e-05 562
1786489430589 8.474999999999999e-05 563
1786489433172 8.489999999999999e-05 564
1786489435757 8.504999999999998e-05 565
1786489438340 8.519999999999998e-05 566
1786489440923 8.534999999999999e-05 567
1786489443506 8.549999999999999e-05 568
1786489446090 8.564999999999998e-05 569
1786489448676 8.579999999999998e-05 570
1786489451256 8.594999999999999e-05 571
1786489453831 8.609999999999999e-05 572
1786489456406 8.624999999999998e-05 573
1786489458981 8.639999999999999e-05 574
1786489461557 8.654999999999999e-05 575
1786489464131 8.669999999999998e-05 576
1786489466711 8.684999999999998e-05 577
1786489469292 8.699999999999999e-05 578
1786489471874 8.714999999999999e-05 579
1786489474455 8.729999999999998e-05 580
1786489477037 8.744999999999998e-05 581
1786489479618 8.759999999999999e-05 582
1786489482199 8.774999999999999e-05 583
1786489484781 8.789999999999998e-05 584
1786489487362 8.804999999999999e-05 585
1786489489945 8.819999999999999e-05 586
1786489492529 8.834999999999999e-05 587
1786489495112 8.849999999999998e-05 588
1786489497695 8.864999999999999e-05 589
1786489500277 8.879999999999999e-05 590
1786489502859 8.895e-05 591
1786489505440 8.909999999999998e-05 592
1786489508021 8.924999999999999e-05 593
1786489510602 8.939999999999999e-05 594
1786489513184 8.955e-05 595
1786489515765 8.969999999999998e-05 596
1786489518346 8.984999999999999e-05 597
1786489520927 8.999999999999999e-05 598
1786489523508 9.014999999999998e-05 599
1786489526089 9.029999999999999e-05 600
1786489528672 9.044999999999999e-05 601
1786489531253 9.059999999999999e-05 602
1786489533839 9.074999999999998e-05 603
1786489536423 9.089999999999999e-05 604
1786489539005 9.104999999999999e-05 605
1786489541586 9.12e-05 606
1786489544167 9.134999999999998e-05 607
1786489546748 9.149999999999999e-05 608
1786489549329 9.164999999999999e-05 609
1786489551910 9.18e-05 610
1786489554492 9.194999999999999e-05 611
1786489557074 9.209999999999999e-05 612
1786489559658 9.224999999999999e-05 613
1786489562242 9.24e-05 614
1786489564827 9.254999999999999e-05 615
1786489567411 9.269999999999999e-05 616
1786489569995 9.285e-05 617
1786489572579 9.3e-05 618
1786489575164 9.314999999999999e-05 619
1786489577747 9.329999999999999e-05 620
1786489580330 9.345e-05 621
1786489582914 9.36e-05 622
1786489585498 9.374999999999999e-05 623
1786489588082 9.389999999999999e-05 624
1786489590665 9.405e-05 625
1786489593248 9.419999999999999e-05 626
1786489595832 9.434999999999999e-05 627
1786489598417 9.449999999999999e-05 628
1786489601000 9.465e-05 629
1786489603585 9.479999999999999e-05 630
1786489606168 9.494999999999999e-05 631
1786489608753 9.51e-05 632
1786489611337 9.525e-05 633
1786489613921 9.539999999999999e-05 634
1786489616505 9.554999999999999e-05 635
1786489619091 9.57e-05 636
1786489621674 9.585e-05 637
1786489624256 9.599999999999999e-05 638
1786489626840 9.614999999999999e-05 639
1786489629424 9.63e-05 640
1786489632008 9.645e-05 641
1786489634591 9.659999999999999e-05 642
1786489637173 9.675e-05 643
1786489639754 9.69e-05 644
1786489642336 9.705e-05 645
1786489644917 9.719999999999999e-05 646
1786489647499 9.735e-05 647
1786489650080 9.75e-05 648
1786489652663 9.764999999999999e-05 649
1786489655246 9.779999999999999e-05 650
1786489657828 9.795e-05 651
1786489660410 9.81e-05 652
1786489662992 9.824999999999999e-05 653
1786489665573 9.839999999999999e-05 654
1786489668155 9.855e-05 655
1786489670738 9.87e-05 656
1786489673322 9.884999999999999e-05 657
1786489675908 9.9e-05 658
1786489678490 9.915e-05 659
1786489681073 9.93e-05 660
1786489683656 9.944999999999999e-05 661
1786489686240 9.96e-05 662
1786489688825 9.975e-05 663
1786489691408 9.99e-05 664
1786489693991 0.00010004999999999999 665
1786489696573 0.0001002 666
1786489699156 0.00010035 667
1786489701739 0.0001005 668
1786489704324 0.00010065 669
1786489706907 0.0001008 670
1786489709489 0.00010095 671
1786489712072 0.0001011 672
1786489714655 0.00010125 673
1786489717238 0.0001014 674
1786489719821 0.00010155 675
1786489722404 0.00010169999999999999 676
1786489724987 0.00010185 677
1786489727570 0.000102 678
1786489730153 0.00010215 679
1786489732736 0.00010229999999999999 680
1786489735318 0.00010245 681
1786489737901 0.0001026 682
1786489740484 0.00010275 683
1786489743067 0.0001029 684
1786489745651 0.00010305 685
1786489748234 0.00010319999999999999 686
1786489750816 0.00010334999999999998 687
1786489753399 0.00010349999999999998 688
1786489755983 0.00010364999999999999 689
1786489758566 0.00010379999999999999 690
1786489761149 0.00010394999999999998 691
1786489763732 0.00010409999999999998 692
1786489766315 0.00010424999999999999 693
1786489768898 0.00010439999999999999 694
1786489771480 0.00010454999999999998 695
1786489774062 0.00010469999999999998 696
1786489776644 0.00010484999999999999 697
1786489779226 0.00010499999999999999 698
1786489781808 0.00010514999999999998 699
1786489784390 0.00010529999999999998 700
1786489786973 0.00010544999999999999 701
1786489789555 0.00010559999999999998 702
1786489792139 0.00010574999999999998 703
1786489794715 0.00010589999999999999 704
1786489797289 0.00010604999999999999 705
1786489799865 0.00010619999999999998 706
1786489802439 0.00010634999999999998 707
1786489805013 0.00010649999999999999 708
1786489807588 0.00010664999999999999 709
1786489810163 0.00010679999999999998 710
1786489812737 0.00010694999999999998 711
1786489815318 0.00010709999999999999 712
1786489817904 0.00010724999999999999 713
1786489820492 0.00010739999999999998 714
1786489823075 0.00010754999999999999 715
1786489825659 0.00010769999999999999 716
1786489828243 0.00010784999999999999 717
1786489830827 0.00010799999999999998 718
1786489833410 0.00010814999999999999 719
1786489835994 0.00010829999999999999 720
1786489838577 0.00010845 721
1786489841161 0.00010859999999999998 722
1786489843744 0.00010874999999999999 723
1786489846330 0.00010889999999999999 724
1786489848916 0.00010904999999999998 725
1786489851499 0.00010919999999999998 726
1786489854085 0.00010934999999999999 727
1786489856669 0.00010949999999999999 728
1786489859253 0.00010964999999999998 729
1786489861836 0.00010979999999999999 730
1786489864421 0.00010994999999999999 731
1786489867006 0.00011009999999999999 732
1786489869590 0.00011024999999999998 733
1786489872175 0.00011039999999999999 734
1786489874759 0.00011054999999999999 735
1786489877342 0.0001107 736
1786489879926 0.00011084999999999998 737
1786489882510 0.00011099999999999999 738
1786489885095 0.00011114999999999999 739
1786489887679 0.0001113 740
1786489890262 0.00011144999999999998 741
1786489892847 0.00011159999999999999 742
1786489895431 0.00011174999999999999 743
1786489898014 0.0001119 744
1786489900598 0.00011204999999999999 745
1786489903182 0.00011219999999999999 746
1786489905765 0.00011235 747
1786489908349 0.0001125 748
1786489910933 0.00011264999999999999 749
1786489913518 0.00011279999999999999 750
1786489916102 0.00011295 751
1786489918687 0.00011309999999999998 752
1786489921271 0.00011324999999999999 753
1786489923855 0.00011339999999999999 754
1786489926441 0.00011355 755
1786489929026 0.00011369999999999999 756
1786489931610 0.00011384999999999999 757
1786489934193 0.00011399999999999999 758
1786489936777 0.00011415 759
1786489939361 0.00011429999999999999 760
1786489941944 0.00011444999999999999 761
1786489944527 0.0001146 762
1786489947110 0.00011475 763
1786489949692 0.00011489999999999999 764
1786489952274 0.00011504999999999999 765
1786489954856 0.0001152 766
1786489957438 0.00011535 767
1786489960020 0.00011549999999999999 768
1786489962602 0.00011564999999999999 769
1786489965183 0.0001158 770
1786489967765 0.00011595 771
1786489970347 0.00011609999999999999 772
1786489972929 0.00011624999999999999 773
1786489975510 0.0001164 774
1786489978092 0.00011654999999999999 775
1786489980673 0.00011669999999999999 776
1786489983256 0.00011685 777
1786489985837 0.000117 778
1786489988419 0.00011714999999999999 779
1786489991001 0.00011729999999999999 780
1786489993582 0.00011745 781
1786489996163 0.0001176 782
1786489998744 0.00011774999999999999 783
1786490001326 0.00011789999999999999 784
1786490003907 0.00011805 785
1786490006488 0.0001182 786
1786490009069 0.00011834999999999999 787
1786490011651 0.0001185 788
1786490014232 0.00011865 789
1786490016815 0.0001188 790
1786490019397 0.00011894999999999999 791
1786490021981 0.0001191 792
1786490024562 0.00011925 793
1786490027144 0.0001194 794
1786490029726 0.00011954999999999999 795
1786490032309 0.0001197 796
1786490034890 0.00011985 797
1786490037476 0.00011999999999999999 798
1786490040060 0.00012014999999999999 799
1786490042642 0.0001203 800
1786490045216 0.00012045 801
1786490047790 0.00012059999999999999 802
1786490050375 0.00012075 803
1786490052960 0.0001209 804
1786490055544 0.00012105 805
1786490058129 0.00012119999999999999 806
1786490060715 0.00012135 807
1786490063300 0.0001215 808
1786490065885 0.00012165 809
1786490068468 0.00012179999999999999 810
1786490071052 0.00012194999999999998 811
1786490073641 0.00012209999999999999 812
1786490076226 0.00012225 813
1786490078813 0.0001224 814
1786490081404 0.00012254999999999997 815
1786490083991 0.00012269999999999997 816
1786490086574 0.00012284999999999998 817
1786490089161 0.00012299999999999998 818
1786490091751 0.00012314999999999998 819
1786490094336 0.0001233 820
1786490096922 0.00012345 821
1786490099506 0.0001236 822
1786490102089 0.00012374999999999997 823
1786490104675 0.00012389999999999998 824
1786490107276 0.00012404999999999998 825
1786490109852 0.00012419999999999998 826
1786490112426 0.00012435 827
1786490115001 0.0001245 828
1786490117575 0.00012465 829
1786490120150 0.00012479999999999997 830
1786490122724 0.00012494999999999997 831
1786490125299 0.00012509999999999998 832
1786490127872 0.00012524999999999998 833
1786490130446 0.00012539999999999999 834
1786490133022 0.00012555 835
1786490135596 0.0001257 836
1786490138171 0.00012585 837
1786490140746 0.00012599999999999997 838
1786490143320 0.00012614999999999998 839
1786490145894 0.00012629999999999998 840
1786490148468 0.00012644999999999998 841
1786490151044 0.0001266 842
1786490153619 0.00012675 843
1786490156194 0.0001269 844
1786490158771 0.00012705 845
1786490161344 0.00012719999999999997 846
1786490163918 0.00012734999999999998 847
1786490166492 0.00012749999999999998 848
1786490169066 0.00012764999999999999 849
1786490171640 0.0001278 850
1786490174215 0.00012795 851
1786490176797 0.0001281 852
1786490179381 0.00012824999999999997 853
1786490181965 0.00012839999999999998 854
1786490184548 0.00012854999999999998 855
1786490187132 0.00012869999999999998 856
1786490189716 0.00012885 857
1786490192300 0.000129 858
1786490194884 0.00012915 859
1786490197468 0.0001293 860
1786490200052 0.00012944999999999998 861
1786490202636 0.00012959999999999998 862
1786490205220 0.00012974999999999998 863
1786490207805 0.00012989999999999999 864
1786490210392 0.00013005 865
1786490212979 0.0001302 866
1786490215567 0.00013035 867
1786490218152 0.0001305 868
1786490220736 0.00013064999999999998 869
1786490223320 0.00013079999999999998 870
1786490225908 0.00013094999999999998 871
1786490228493 0.0001311 872
1786490231077 0.00013125 873
1786490233660 0.0001314 874
1786490236236 0.00013155 875
1786490238813 0.00013169999999999998 876
1786490241389 0.00013184999999999998 877
1786490243964 0.00013199999999999998 878
1786490246547 0.00013215 879
1786490249131 0.0001323 880
1786490251717 0.00013245 881
1786490254293 0.0001326 882
1786490256869 0.00013275 883
1786490259443 0.00013289999999999998 884
1786490262018 0.00013304999999999998 885
1786490264592 0.00013319999999999999 886
1786490267166 0.00013335 887
1786490269740 0.0001335 888
1786490272322 0.00013365 889
1786490274908 0.0001338 890
1786490277491 0.00013395 891
1786490280075 0.00013409999999999998 892
1786490282658 0.00013424999999999998 893
1786490285242 0.0001344 894
1786490287826 0.00013455 895
1786490290409 0.0001347 896
1786490292993 0.00013485 897
1786490295577 0.000135 898
1786490298160 0.00013514999999999998 899
1786490300744 0.00013529999999999998 900
1786490303328 0.00013544999999999999 901
1786490305913 0.0001356 902
1786490308497 0.00013575 903
1786490311080 0.0001359 904
1786490313664 0.00013605 905
1786490316249 0.0001362 906
1786490318832 0.00013634999999999998 907
1786490321417 0.00013649999999999998 908
1786490324001 0.00013665 909
1786490326585 0.0001368 910
1786490329170 0.00013695 911
1786490331762 0.0001371 912
1786490334347 0.00013725 913
1786490336928 0.0001374 914
1786490339510 0.00013754999999999998 915
1786490342092 0.00013769999999999999 916
1786490344670 0.00013785 917
1786490347254 0.000138 918
1786490349838 0.00013815 919
1786490352422 0.0001383 920
1786490355006 0.00013845 921
1786490357588 0.0001386 922
1786490360171 0.00013874999999999998 923
1786490362755 0.0001389 924
1786490365339 0.00013905 925
1786490367923 0.0001392 926
1786490370506 0.00013935 927
1786490373089 0.0001395 928
1786490375671 0.00013965 929
1786490378253 0.00013979999999999998 930
1786490380835 0.00013995 931
1786490383417 0.0001401 932
1786490385997 0.00014025 933
1786490388579 0.0001404 934
1786490391163 0.00014055 935
1786490393745 0.00014069999999999998 936
1786490396330 0.00014084999999999998 937
1786490398910 0.00014099999999999998 938
1786490401490 0.00014115 939
1786490404072 0.0001413 940
1786490406652 0.00014144999999999997 941
1786490409232 0.00014159999999999997 942
1786490411814 0.00014174999999999998 943
1786490414395 0.00014189999999999998 944
1786490416977 0.00014204999999999998 945
1786490419559 0.0001422 946
1786490422141 0.00014235 947
1786490424723 0.0001425 948
1786490427304 0.00014264999999999997 949
1786490429886 0.00014279999999999997 950
1786490432468 0.00014294999999999998 951
1786490435051 0.00014309999999999998 952
1786490437633 0.00014324999999999999 953
1786490440214 0.0001434 954
1786490442796 0.00014355 955
1786490445377 0.00014369999999999997 956
1786490447959 0.00014384999999999997 957
1786490450542 0.00014399999999999998 958
1786490453125 0.00014414999999999998 959
1786490455706 0.00014429999999999998 960
1786490458288 0.00014445 961
1786490460870 0.0001446 962
1786490463452 0.00014475 963
1786490466034 0.00014489999999999997 964
1786490468618 0.00014504999999999997 965
1786490471200 0.00014519999999999998 966
1786490473782 0.00014534999999999998 967
1786490476363 0.00014549999999999999 968
1786490478945 0.00014565 969
1786490481528 0.0001458 970
1786490484110 0.00014595 971
1786490486692 0.00014609999999999997 972
1786490489273 0.00014624999999999998 973
1786490491856 0.00014639999999999998 974
1786490494438 0.00014654999999999998 975
1786490497020 0.0001467 976
1786490499601 0.00014685 977
1786490502184 0.000147 978
1786490504766 0.00014714999999999997 979
1786490507347 0.00014729999999999998 980
1786490509929 0.00014744999999999998 981
1786490512513 0.00014759999999999998 982
1786490515097 0.00014774999999999999 983
1786490517677 0.0001479 984
1786490520257 0.00014805 985
1786490522838 0.0001482 986
1786490525420 0.00014834999999999997 987
1786490528002 0.00014849999999999998 988
1786490530584 0.00014864999999999998 989
1786490533166 0.00014879999999999998 990
1786490535748 0.00014895 991
1786490538329 0.0001491 992
1786490540911 0.00014925 993
1786490543493 0.0001494 994
1786490546074 0.00014954999999999998 995
1786490548656 0.00014969999999999998 996
1786490551238 0.00014984999999999998 997
1786490553819 0.00015 998
1786490556402 0.00015014999999999996 999
1786490564476 0.0001503 1000
1786490567058 0.00015044999999999997 1001
1786490569642 0.00015059999999999997 1002
1786490572226 0.00015074999999999998 1003
1786490574809 0.00015089999999999998 1004
1786490577391 0.00015104999999999996 1005
1786490579975 0.0001512 1006
1786490582558 0.00015134999999999997 1007
1786490585142 0.0001515 1008
1786490587725 0.00015164999999999997 1009
1786490590308 0.00015179999999999998 1010
1786490592892 0.00015194999999999998 1011
1786490595476 0.00015209999999999998 1012
1786490598065 0.00015224999999999996 1013
1786490600649 0.0001524 1014
1786490603232 0.00015254999999999997 1015
1786490605818 0.0001527 1016
1786490608405 0.00015284999999999997 1017
1786490610997 0.00015299999999999998 1018
1786490613583 0.00015314999999999998 1019
1786490616168 0.00015329999999999999 1020
1786490618752 0.00015344999999999996 1021
1786490621334 0.0001536 1022
1786490623917 0.00015374999999999997 1023
1786490626500 0.0001539 1024
1786490629087 0.00015404999999999998 1025
1786490631676 0.00015419999999999998 1026
1786490634259 0.00015434999999999998 1027
1786490636841 0.0001545 1028
1786490639423 0.00015464999999999996 1029
1786490642004 0.0001548 1030
1786490644585 0.00015494999999999997 1031
1786490647168 0.0001551 1032
1786490649749 0.00015524999999999998 1033
1786490652331 0.00015539999999999998 1034
1786490654912 0.00015554999999999999 1035
1786490657493 0.0001557 1036
1786490660075 0.00015584999999999997 1037
1786490662657 0.000156 1038
1786490665240 0.00015614999999999997 1039
1786490667822 0.0001563 1040
1786490670403 0.00015644999999999998 1041
1786490672985 0.00015659999999999998 1042
1786490675567 0.00015675 1043
1786490678149 0.0001569 1044
1786490680731 0.00015704999999999997 1045
1786490683312 0.0001572 1046
1786490685893 0.00015734999999999998 1047
1786490688474 0.00015749999999999998 1048
1786490691057 0.00015764999999999998 1049
1786490693640 0.0001578 1050
1786490696223 0.00015794999999999996 1051
1786490698804 0.0001581 1052
1786490701386 0.00015824999999999997 1053
1786490703968 0.0001584 1054
1786490706550 0.00015854999999999998 1055
1786490709131 0.00015869999999999998 1056
1786490711713 0.00015884999999999999 1057
1786490714295 0.000159 1058
1786490716876 0.00015914999999999997 1059
1786490719460 0.0001593 1060
1786490722044 0.00015944999999999997 1061
1786490724627 0.0001596 1062
1786490727208 0.00015974999999999998 1063
1786490729791 0.00015989999999999998 1064
1786490732374 0.00016005 1065
1786490734956 0.0001602 1066
1786490737538 0.00016034999999999997 1067
1786490740119 0.0001605 1068
1786490742702 0.00016064999999999997 1069
1786490745283 0.0001608 1070
1786490747865 0.00016094999999999998 1071
1786490750450 0.00016109999999999999 1072
1786490753033 0.00016125 1073
1786490755616 0.0001614 1074
1786490758193 0.00016154999999999997 1075
1786490760776 0.0001617 1076
1786490763361 0.00016184999999999998 1077
1786490765945 0.000162 1078
1786490768529 0.00016214999999999998 1079
1786490771112 0.0001623 1080
1786490773696 0.00016245 1081
1786490776280 0.0001626 1082
1786490778863 0.00016274999999999997 1083
1786490781445 0.0001629 1084
1786490784029 0.00016304999999999998 1085
1786490786612 0.0001632 1086
1786490789194 0.00016334999999999999 1087
1786490791776 0.0001635 1088
1786490794360 0.00016365 1089
1786490796943 0.0001638 1090
1786490799525 0.00016394999999999997 1091
1786490802107 0.0001641 1092
1786490804689 0.00016424999999999998 1093
1786490807270 0.0001644 1094
1786490809852 0.00016455 1095
1786490812436 0.0001647 1096
1786490815021 0.00016485 1097
1786490817604 0.000165 1098
1786490820187 0.00016514999999999998 1099
1786490822771 0.0001653 1100
1786490825354 0.00016544999999999998 1101
1786490827943 0.0001656 1102
1786490830529 0.00016575 1103
1786490833113 0.0001659 1104
1786490835695 0.00016604999999999997 1105
1786490838277 0.0001662 1106
1786490840860 0.00016634999999999998 1107
1786490843442 0.0001665 1108
1786490846025 0.00016664999999999998 1109
1786490848607 0.0001668 1110
1786490851191 0.00016695 1111
1786490853774 0.0001671 1112
1786490856356 0.00016724999999999997 1113
1786490858938 0.0001674 1114
1786490861522 0.00016754999999999998 1115
1786490864104 0.0001677 1116
1786490866686 0.00016785 1117
1786490869269 0.000168 1118
1786490871852 0.00016815 1119
1786490874435 0.0001683 1120
1786490877018 0.00016844999999999997 1121
1786490879600 0.0001686 1122
1786490882182 0.00016874999999999998 1123
1786490884763 0.00016889999999999996 1124
1786490887345 0.00016905 1125
1786490889928 0.00016919999999999997 1126
1786490892510 0.00016935 1127
1786490895093 0.00016949999999999997 1128
1786490897676 0.00016964999999999998 1129
1786490900262 0.00016979999999999998 1130
1786490902847 0.00016994999999999998 1131
1786490905435 0.00017009999999999996 1132
1786490908020 0.00017025 1133
1786490910603 0.00017039999999999997 1134
1786490913186 0.00017055 1135
1786490915769 0.00017069999999999998 1136
1786490918352 0.00017084999999999998 1137
1786490920935 0.00017099999999999998 1138
1786490923517 0.00017114999999999999 1139
1786490926107 0.00017129999999999996 1140
1786490928689 0.00017145 1141
1786490931272 0.00017159999999999997 1142
1786490933855 0.00017175 1143
1786490936439 0.00017189999999999998 1144
1786490939022 0.00017204999999999998 1145
1786490941605 0.00017219999999999998 1146
1786490944188 0.00017235 1147
1786490946772 0.00017249999999999996 1148
1786490949351 0.00017265 1149
1786490951926 0.00017279999999999997 1150
1786490954499 0.00017294999999999998 1151
1786490957074 0.00017309999999999998 1152
1786490959658 0.00017324999999999998 1153
1786490962242 0.00017339999999999996 1154
1786490964821 0.00017355 1155
1786490967395 0.00017369999999999997 1156
1786490969974 0.00017385 1157
1786490972549 0.00017399999999999997 1158
1786490975124 0.00017414999999999998 1159
1786490977697 0.00017429999999999998 1160
1786490980271 0.00017444999999999998 1161
1786490982844 0.00017459999999999996 1162
1786490985417 0.00017475 1163
1786490987995 0.00017489999999999997 1164
1786490990575 0.00017505 1165
1786490993158 0.00017519999999999998 1166
1786490995738 0.00017534999999999998 1167
1786490998319 0.00017549999999999998 1168
1786491000899 0.00017565 1169
1786491003482 0.00017579999999999996 1170
1786491006078 0.00017595 1171
1786491008660 0.00017609999999999997 1172
1786491011246 0.00017625 1173
1786491013821 0.00017639999999999998 1174
1786491016394 0.00017654999999999998 1175
1786491018968 0.00017669999999999999 1176
1786491021550 0.00017685 1177
1786491024133 0.00017699999999999997 1178
1786491026715 0.00017715 1179
1786491029289 0.00017729999999999997 1180
1786491031864 0.00017745 1181
1786491034438 0.00017759999999999998 1182
1786491037012 0.00017774999999999998 1183
1786491039587 0.0001779 1184
1786491042162 0.00017805 1185
1786491044737 0.00017819999999999997 1186
1786491047313 0.00017835 1187
1786491049887 0.00017849999999999997 1188
1786491052463 0.00017865 1189
1786491055037 0.00017879999999999998 1190
1786491057611 0.00017894999999999999 1191
1786491060185 0.0001791 1192
1786491062758 0.00017925 1193
1786491065332 0.00017939999999999997 1194
1786491067905 0.00017955 1195
1786491070478 0.00017969999999999998 1196
1786491073053 0.00017984999999999998 1197
1786491075626 0.00017999999999999998 1198
1786491078199 0.00018015 1199
1786491080772 0.00018029999999999996 1200
1786491083345 0.00018045 1201
1786491085918 0.00018059999999999997 1202
1786491088492 0.00018075 1203
1786491091065 0.00018089999999999998 1204
1786491093638 0.00018104999999999998 1205
1786491096213 0.00018119999999999999 1206
1786491098788 0.00018135 1207
1786491101369 0.00018149999999999997 1208
1786491103951 0.00018165 1209
1786491106532 0.00018179999999999997 1210
1786491109114 0.00018195 1211
1786491111696 0.00018209999999999998 1212
1786491114278 0.00018224999999999998 1213
1786491116858 0.0001824 1214
1786491119440 0.00018255 1215
1786491122022 0.00018269999999999997 1216
1786491124602 0.00018285 1217
1786491127184 0.00018299999999999998 1218
1786491129766 0.00018315 1219
1786491132348 0.00018329999999999998 1220
1786491134929 0.00018345 1221
1786491137512 0.0001836 1222
1786491140093 0.00018375 1223
1786491142674 0.00018389999999999997 1224
1786491145255 0.00018405 1225
1786491147837 0.00018419999999999998 1226
1786491150417 0.00018435 1227
1786491152999 0.00018449999999999999 1228
1786491155580 0.00018465 1229
1786491158163 0.0001848 1230
1786491160744 0.00018495 1231
1786491163328 0.00018509999999999997 1232
1786491165909 0.00018525 1233
1786491168493 0.00018539999999999998 1234
1786491171079 0.00018555 1235
1786491173663 0.0001857 1236
1786491176246 0.00018585 1237
1786491178829 0.000186 1238
1786491181410 0.00018615 1239
1786491183991 0.00018629999999999997 1240
1786491186575 0.00018645 1241
1786491189158 0.00018659999999999998 1242
1786491191744 0.00018675 1243
1786491194327 0.0001869 1244
1786491196909 0.00018705 1245
1786491199491 0.0001872 1246
1786491202072 0.00018735 1247
1786491204654 0.00018749999999999998 1248
1786491207236 0.00018764999999999998 1249
1786491209818 0.00018779999999999998 1250
1786491212399 0.00018794999999999996 1251
1786491214981 0.0001881 1252
1786491217562 0.00018824999999999997 1253
1786491220143 0.00018839999999999997 1254
1786491222724 0.00018854999999999998 1255
1786491225305 0.00018869999999999998 1256
1786491227887 0.00018884999999999996 1257
1786491230470 0.00018899999999999999 1258
1786491233053 0.00018914999999999996 1259
1786491235635 0.0001893 1260
1786491238217 0.00018944999999999997 1261
1786491240798 0.00018959999999999997 1262
1786491243379 0.00018974999999999998 1263
1786491245961 0.00018989999999999998 1264
1786491248546 0.00019004999999999996 1265
1786491251131 0.0001902 1266
1786491253718 0.00019034999999999996 1267
1786491256302 0.0001905 1268
1786491258891 0.00019064999999999997 1269
1786491261476 0.00019079999999999998 1270
1786491264063 0.00019094999999999998 1271
1786491266646 0.00019109999999999998 1272
1786491269245 0.00019124999999999996 1273
1786491271828 0.0001914 1274
1786491274412 0.00019154999999999997 1275
1786491276996 0.0001917 1276
1786491279580 0.00019184999999999997 1277
1786491282163 0.00019199999999999998 1278
1786491284746 0.00019214999999999998 1279
1786491287329 0.00019229999999999999 1280
1786491289915 0.00019244999999999996 1281
1786491292501 0.0001926 1282
1786491295090 0.00019274999999999997 1283
1786491297675 0.0001929 1284
1786491300258 0.00019304999999999998 1285
1786491302842 0.00019319999999999998 1286
1786491305425 0.00019334999999999998 1287
1786491308008 0.0001935 1288
1786491310591 0.00019364999999999996 1289
1786491313173 0.0001938 1290
1786491315758 0.00019394999999999997 1291
1786491318340 0.0001941 1292
1786491320922 0.00019424999999999998 1293
1786491323505 0.00019439999999999998 1294
1786491326087 0.00019454999999999999 1295
1786491328669 0.0001947 1296
1786491331251 0.00019484999999999997 1297
1786491333835 0.000195 1298
1786491336417 0.00019514999999999997 1299
1786491338998 0.00019529999999999998 1300
1786491341578 0.00019544999999999998 1301
1786491344158 0.00019559999999999998 1302
1786491346739 0.00019574999999999996 1303
1786491349320 0.0001959 1304
1786491351901 0.00019604999999999997 1305
1786491354481 0.0001962 1306
1786491357064 0.00019634999999999998 1307
1786491359645 0.00019649999999999998 1308
1786491362223 0.00019664999999999998 1309
1786491364795 0.00019679999999999999 1310
1786491367369 0.00019694999999999996 1311
1786491369941 0.0001971 1312
1786491372514 0.00019724999999999997 1313
1786491375086 0.0001974 1314
1786491377661 0.00019754999999999998 1315
1786491380233 0.00019769999999999998 1316
1786491382806 0.00019784999999999998 1317
1786491385378 0.000198 1318
1786491387951 0.00019814999999999996 1319
1786491390523 0.0001983 1320
1786491393096 0.00019844999999999997 1321
1786491395668 0.0001986 1322
1786491398242 0.00019874999999999998 1323
1786491400815 0.00019889999999999998 1324
1786491403388 0.00019905 1325
1786491405960 0.0001992 1326
1786491408533 0.00019934999999999997 1327
1786491411105 0.0001995 1328
1786491413678 0.00019964999999999997 1329
1786491416250 0.0001998 1330
1786491418823 0.00019994999999999998 1331
1786491421397 0.00020009999999999998 1332
1786491423970 0.00020025 1333
1786491426542 0.0002004 1334
1786491429115 0.00020054999999999997 1335
1786491431688 0.0002007 1336
1786491434262 0.00020084999999999998 1337
1786491436835 0.000201 1338
1786491439410 0.00020114999999999998 1339
1786491441995 0.0002013 1340
1786491444578 0.00020145 1341
1786491447161 0.0002016 1342
1786491449744 0.00020174999999999997 1343
1786491452329 0.0002019 1344
1786491454919 0.00020204999999999998 1345
1786491457512 0.0002022 1346
1786491460103 0.00020234999999999999 1347
1786491462694 0.0002025 1348
1786491465286 0.00020264999999999997 1349
1786491467877 0.0002028 1350
1786491470469 0.00020294999999999997 1351
1786491473062 0.0002031 1352
1786491475651 0.00020324999999999998 1353
1786491478243 0.00020339999999999998 1354
1786491480834 0.00020355 1355
1786491483425 0.0002037 1356
1786491486019 0.00020384999999999997 1357
1786491488603 0.000204 1358
1786491491187 0.00020414999999999997 1359
1786491493772 0.0002043 1360
1786491496355 0.00020444999999999998 1361
1786491498944 0.00020459999999999999 1362
1786491501526 0.00020475 1363
1786491504109 0.0002049 1364
1786491506691 0.00020504999999999997 1365
1786491509273 0.0002052 1366
1786491511854 0.00020534999999999998 1367
1786491514437 0.0002055 1368
1786491517020 0.00020564999999999998 1369
1786491519602 0.0002058 1370
1786491522184 0.00020595 1371
1786491524765 0.0002061 1372
1786491527348 0.00020624999999999997 1373
1786491529930 0.00020639999999999998 1374
1786491532514 0.00020654999999999998 1375
1786491535096 0.00020669999999999996 1376
1786491537679 0.00020684999999999999 1377
1786491540261 0.00020699999999999996 1378
1786491542844 0.00020715 1379
1786491545428 0.00020729999999999997 1380
1786491548010 0.00020744999999999997 1381
1786491550593 0.00020759999999999998 1382
1786491553176 0.00020774999999999998 1383
1786491555759 0.00020789999999999996 1384
1786491558343 0.00020805 1385
1786491560924 0.00020819999999999996 1386
1786491563506 0.00020835 1387
1786491566087 0.00020849999999999997 1388
1786491568669 0.00020864999999999998 1389
1786491571250 0.00020879999999999998 1390
1786491573831 0.00020894999999999998 1391
1786491576413 0.00020909999999999996 1392
1786491578995 0.00020925 1393
1786491581576 0.00020939999999999997 1394
1786491584161 0.00020955 1395
1786491586742 0.00020969999999999997 1396
1786491589317 0.00020984999999999998 1397
1786491591891 0.00020999999999999998 1398
1786491594464 0.00021014999999999999 1399
1786491597043 0.00021029999999999996 1400
1786491599617 0.00021045 1401
1786491602190 0.00021059999999999997 1402
1786491604765 0.00021074999999999997 1403
1786491607340 0.00021089999999999998 1404
1786491609914 0.00021104999999999998 1405
1786491612487 0.00021119999999999996 1406
1786491615069 0.00021135 1407
1786491617653 0.00021149999999999996 1408
1786491620235 0.00021165 1409
1786491622818 0.00021179999999999997 1410
1786491625400 0.00021194999999999997 1411
1786491627984 0.00021209999999999998 1412
1786491630568 0.00021224999999999998 1413
1786491633152 0.00021239999999999996 1414
1786491635736 0.00021255 1415
1786491638320 0.00021269999999999997 1416
1786491640903 0.00021285 1417
1786491643487 0.00021299999999999997 1418
1786491646070 0.00021314999999999998 1419
1786491648654 0.00021329999999999998 1420
1786491651239 0.00021344999999999998 1421
1786491653822 0.00021359999999999996 1422
1786491656406 0.00021375 1423
1786491658989 0.00021389999999999997 1424
1786491661573 0.00021405 1425
1786491664155 0.00021419999999999998 1426
1786491666737 0.00021434999999999998 1427
1786491669319 0.00021449999999999998 1428
1786491671902 0.00021464999999999999 1429
1786491674484 0.00021479999999999996 1430
1786491677065 0.00021495 1431
1786491679647 0.00021509999999999997 1432
1786491682229 0.00021525 1433
1786491684810 0.00021539999999999998 1434
1786491687391 0.00021554999999999998 1435
1786491689973 0.00021569999999999998 1436
1786491692555 0.00021585 1437
1786491695138 0.00021599999999999996 1438
1786491697721 0.00021615 1439
1786491700308 0.00021629999999999997 1440
1786491702894 0.00021645 1441
1786491705476 0.00021659999999999998 1442
1786491708057 0.00021674999999999998 1443
1786491710639 0.0002169 1444
1786491713223 0.00021705 1445
1786491715806 0.00021719999999999997 1446
1786491718389 0.00021735 1447
1786491720972 0.00021749999999999997 1448
1786491723555 0.00021764999999999998 1449
1786491726143 0.00021779999999999998 1450
1786491728729 0.00021794999999999999 1451
1786491731312 0.00021809999999999996 1452
1786491733895 0.00021825 1453
1786491736477 0.00021839999999999997 1454
1786491739059 0.00021855 1455
1786491741642 0.00021869999999999998 1456
1786491744225 0.00021884999999999998 1457
1786491746808 0.00021899999999999998 1458
1786491749390 0.00021915 1459
1786491751973 0.00021929999999999996 1460
1786491754556 0.00021945 1461
1786491757139 0.00021959999999999997 1462
1786491759723 0.00021975 1463
1786491762307 0.00021989999999999998 1464
1786491764890 0.00022004999999999998 1465
1786491767472 0.00022019999999999999 1466
1786491770058 0.00022035 1467
1786491772640 0.00022049999999999997 1468
1786491775223 0.00022065 1469
1786491777804 0.00022079999999999997 1470
1786491780386 0.00022095 1471
1786491782967 0.00022109999999999998 1472
1786491785550 0.00022124999999999998 1473
1786491788132 0.0002214 1474
1786491790713 0.00022155 1475
1786491793296 0.00022169999999999997 1476
1786491795877 0.00022185 1477
1786491798458 0.00022199999999999998 1478
1786491801039 0.00022215 1479
1786491803621 0.00022229999999999998 1480
1786491806202 0.00022244999999999999 1481
1786491808785 0.0002226 1482
1786491811367 0.00022275 1483
1786491813948 0.00022289999999999997 1484
1786491816530 0.00022305 1485
1786491819112 0.00022319999999999998 1486
1786491821695 0.00022335 1487
1786491824277 0.00022349999999999998 1488
1786491826860 0.00022365 1489
1786491829441 0.0002238 1490
1786491832023 0.00022395 1491
1786491834605 0.00022409999999999997 1492
1786491837191 0.00022425 1493
1786491839774 0.00022439999999999998 1494
1786491842347 0.00022455 1495
1786491844920 0.0002247 1496
1786491847493 0.00022485 1497
1786491850067 0.000225 1498
1786491852640 0.00022514999999999997 1499
1786491857672 0.00022529999999999997 1500
1786491860247 0.00022544999999999995 1501
1786491862822 0.00022559999999999998 1502
1786491865396 0.00022574999999999996 1503
1786491867970 0.0002259 1504
1786491870544 0.00022604999999999997 1505
1786491873119 0.00022619999999999997 1506
1786491875693 0.00022634999999999997 1507
1786491878267 0.00022649999999999998 1508
1786491880841 0.00022664999999999995 1509
1786491883416 0.00022679999999999998 1510
1786491885990 0.00022694999999999996 1511
1786491888564 0.0002271 1512
1786491891141 0.00022724999999999997 1513
1786491893717 0.00022739999999999997 1514
1786491896294 0.00022754999999999997 1515
1786491898869 0.00022769999999999998 1516
1786491901443 0.00022784999999999995 1517
1786491904018 0.00022799999999999999 1518
1786491906601 0.00022814999999999996 1519
1786491909176 0.0002283 1520
1786491911750 0.00022844999999999997 1521
1786491914326 0.00022859999999999997 1522
1786491916901 0.00022874999999999998 1523
1786491919475 0.00022889999999999998 1524
1786491922054 0.00022904999999999996 1525
1786491924638 0.0002292 1526
1786491927221 0.00022934999999999996 1527
1786491929805 0.0002295 1528
1786491932388 0.00022964999999999997 1529
1786491934971 0.00022979999999999997 1530
1786491937555 0.00022994999999999998 1531
1786491940139 0.00023009999999999998 1532
1786491942722 0.00023024999999999996 1533
1786491945305 0.0002304 1534
1786491947887 0.00023054999999999997 1535
1786491950472 0.0002307 1536
1786491953055 0.00023084999999999997 1537
1786491955637 0.00023099999999999998 1538
1786491958221 0.00023114999999999998 1539
1786491960804 0.00023129999999999998 1540
1786491963386 0.00023144999999999996 1541
1786491965968 0.0002316 1542
1786491968553 0.00023174999999999997 1543
1786491971139 0.0002319 1544
1786491973725 0.00023204999999999998 1545
1786491976310 0.00023219999999999998 1546
1786491978893 0.00023234999999999998 1547
1786491981477 0.00023249999999999999 1548
1786491984062 0.00023264999999999996 1549
1786491986648 0.0002328 1550
1786491989233 0.00023294999999999997 1551
1786491991818 0.00023309999999999997 1552
1786491994401 0.00023324999999999998 1553
1786491996986 0.00023339999999999998 1554
1786491999573 0.00023354999999999996 1555
1786492002156 0.0002337 1556
1786492004739 0.00023384999999999997 1557
1786492007322 0.000234 1558
1786492009904 0.00023414999999999997 1559
1786492012487 0.00023429999999999998 1560
1786492015070 0.00023444999999999998 1561
1786492017653 0.00023459999999999998 1562
1786492020236 0.00023474999999999996 1563
1786492022820 0.0002349 1564
1786492025403 0.00023504999999999997 1565
1786492027986 0.0002352 1566
1786492030569 0.00023534999999999997 1567
1786492033152 0.00023549999999999998 1568
1786492035734 0.00023564999999999998 1569
1786492038316 0.00023579999999999999 1570
1786492040899 0.00023594999999999996 1571
1786492043483 0.0002361 1572
1786492046065 0.00023624999999999997 1573
1786492048649 0.0002364 1574
1786492051232 0.00023654999999999998 1575
1786492053818 0.00023669999999999998 1576
1786492056403 0.00023684999999999998 1577
1786492058987 0.000237 1578
1786492061570 0.00023714999999999996 1579
1786492064152 0.0002373 1580
1786492066734 0.00023744999999999997 1581
1786492069316 0.0002376 1582
1786492071899 0.00023774999999999998 1583
1786492074481 0.00023789999999999998 1584
1786492077064 0.00023804999999999999 1585
1786492079646 0.0002382 1586
1786492082229 0.00023834999999999997 1587
1786492084811 0.0002385 1588
1786492087394 0.00023864999999999997 1589
1786492089978 0.0002388 1590
1786492092560 0.00023894999999999998 1591
1786492095143 0.00023909999999999998 1592
1786492097724 0.00023925 1593
1786492100306 0.0002394 1594
1786492102890 0.00023954999999999997 1595
1786492105474 0.0002397 1596
1786492108057 0.00023984999999999998 1597
1786492110641 0.00023999999999999998 1598
1786492113225 0.00024014999999999998 1599
1786492115809 0.00024029999999999999 1600
1786492118393 0.00024044999999999996 1601
1786492120980 0.0002406 1602
1786492123567 0.00024074999999999997 1603
1786492126148 0.0002409 1604
1786492128730 0.00024104999999999998 1605
1786492131313 0.00024119999999999998 1606
1786492133900 0.00024134999999999998 1607
1786492136486 0.0002415 1608
1786492139071 0.00024164999999999996 1609
1786492141656 0.0002418 1610
1786492144241 0.00024194999999999997 1611
1786492146828 0.0002421 1612
1786492149411 0.00024224999999999998 1613
1786492151995 0.00024239999999999998 1614
1786492154580 0.00024255 1615
1786492157164 0.0002427 1616
1786492159748 0.00024284999999999997 1617
1786492162331 0.000243 1618
1786492164915 0.00024314999999999997 1619
1786492167498 0.0002433 1620
1786492170081 0.00024344999999999998 1621
1786492172665 0.00024359999999999999 1622
1786492175249 0.00024375 1623
1786492177833 0.00024389999999999997 1624
1786492180417 0.00024404999999999997 1625
1786492183001 0.00024419999999999997 1626
1786492185585 0.00024435 1627
1786492188169 0.0002445 1628
1786492190753 0.00024464999999999996 1629
1786492193338 0.0002448 1630
1786492195928 0.00024494999999999996 1631
1786492198514 0.00024509999999999994 1632
1786492201097 0.00024524999999999997 1633
1786492203680 0.00024539999999999995 1634
1786492206262 0.00024555 1635
1786492208846 0.00024569999999999995 1636
1786492211428 0.00024585 1637
1786492214011 0.00024599999999999996 1638
1786492216592 0.00024615 1639
1786492219176 0.00024629999999999997 1640
1786492221759 0.00024645 1641
1786492224343 0.0002466 1642
1786492226928 0.00024675 1643
1786492229512 0.0002469 1644
1786492232095 0.00024704999999999996 1645
1786492234679 0.0002472 1646
1786492237263 0.00024734999999999997 1647
1786492239847 0.00024749999999999994 1648
1786492242430 0.00024765 1649
1786492245014 0.00024779999999999995 1650
1786492247598 0.00024795 1651
1786492250186 0.00024809999999999996 1652
1786492252772 0.00024825 1653
1786492255348 0.00024839999999999997 1654
1786492257924 0.00024855 1655
1786492260498 0.0002487 1656
1786492263073 0.00024885 1657
1786492265648 0.000249 1658
1786492268225 0.00024914999999999996 1659
1786492270808 0.0002493 1660
1786492273391 0.00024944999999999996 1661
1786492275975 0.00024959999999999994 1662
1786492278562 0.00024974999999999997 1663
1786492281146 0.00024989999999999995 1664
1786492283730 0.00025005 1665
1786492286317 0.00025019999999999996 1666
1786492288902 0.00025035 1667
1786492291487 0.00025049999999999996 1668
1786492294071 0.00025065 1669
1786492296656 0.00025079999999999997 1670
1786492299240 0.00025095 1671
1786492301825 0.0002511 1672
1786492304409 0.00025125 1673
1786492306993 0.0002514 1674
1786492309578 0.00025154999999999996 1675
1786492312166 0.0002517 1676
1786492314751 0.00025184999999999997 1677
1786492317337 0.00025199999999999995 1678
1786492319921 0.00025215 1679
1786492322507 0.00025229999999999995 1680
1786492325092 0.00025245 1681
1786492327676 0.00025259999999999996 1682
1786492330260 0.00025275 1683
1786492332844 0.00025289999999999997 1684
1786492335423 0.00025305 1685
1786492337997 0.0002532 1686
1786492340572 0.00025335 1687
1786492343146 0.0002535 1688
1786492345721 0.00025365 1689
1786492348295 0.0002538 1690
1786492350871 0.00025394999999999997 1691
1786492353447 0.0002541 1692
1786492356023 0.00025425 1693
1786492358599 0.00025439999999999995 1694
1786492361173 0.00025455 1695
1786492363747 0.00025469999999999996 1696
1786492366321 0.00025485 1697
1786492368895 0.00025499999999999996 1698
1786492371470 0.00025515 1699
1786492374045 0.00025529999999999997 1700
1786492376619 0.00025545 1701
1786492379193 0.0002556 1702
1786492381767 0.00025575 1703
1786492384342 0.0002559 1704
1786492386917 0.00025604999999999996 1705
1786492389491 0.0002562 1706
1786492392065 0.00025634999999999997 1707
1786492394639 0.00025649999999999995 1708
1786492397214 0.00025665 1709
1786492399788 0.00025679999999999995 1710
1786492402362 0.00025695 1711
1786492404936 0.00025709999999999996 1712
1786492407510 0.00025725 1713
1786492410085 0.00025739999999999997 1714
1786492412659 0.00025755 1715
1786492415236 0.0002577 1716
1786492417811 0.00025785 1717
1786492420385 0.000258 1718
1786492422959 0.00025815 1719
1786492425534 0.0002583 1720
1786492428108 0.00025844999999999997 1721
1786492430682 0.0002586 1722
1786492433258 0.00025875 1723
1786492435834 0.00025889999999999995 1724
1786492438408 0.00025905 1725
1786492440982 0.00025919999999999996 1726
1786492443556 0.00025935 1727
1786492446131 0.00025949999999999997 1728
1786492448706 0.00025965 1729
1786492451280 0.00025979999999999997 1730
1786492453854 0.00025995 1731
1786492456428 0.0002601 1732
1786492459006 0.00026025 1733
1786492461579 0.0002604 1734
1786492464154 0.00026055 1735
1786492466729 0.0002607 1736
1786492469303 0.00026084999999999997 1737
1786492471877 0.000261 1738
1786492474451 0.00026115 1739
1786492477025 0.00026129999999999995 1740
1786492479607 0.00026145 1741
1786492482191 0.00026159999999999996 1742
1786492484773 0.00026175 1743
1786492487355 0.00026189999999999997 1744
1786492489937 0.00026205 1745
1786492492523 0.0002622 1746
1786492495107 0.00026235 1747
1786492497690 0.0002625 1748
1786492500274 0.00026264999999999996 1749
1786492502856 0.0002628 1750
1786492505440 0.00026294999999999997 1751
1786492508024 0.0002631 1752
1786492510606 0.00026325 1753
1786492513191 0.00026339999999999995 1754
1786492515777 0.00026355 1755
1786492518363 0.00026369999999999996 1756
1786492520947 0.00026384999999999994 1757
1786492523532 0.00026399999999999997 1758
1786492526117 0.00026414999999999994 1759
1786492528702 0.0002643 1760
1786492531290 0.00026444999999999995 1761
1786492533875 0.0002646 1762
1786492536460 0.00026474999999999996 1763
1786492539045 0.0002649 1764
1786492541629 0.00026504999999999996 1765
1786492544215 0.0002652 1766
1786492546806 0.00026534999999999997 1767
1786492549389 0.0002655 1768
1786492551973 0.00026565 1769
1786492554556 0.00026579999999999996 1770
1786492557140 0.00026595 1771
1786492559724 0.00026609999999999996 1772
1786492562301 0.00026624999999999994 1773
1786492564878 0.00026639999999999997 1774
1786492567454 0.00026654999999999995 1775
1786492570030 0.0002667 1776
1786492572605 0.00026684999999999995 1777
1786492575181 0.000267 1778
1786492577762 0.00026714999999999996 1779
1786492580354 0.0002673 1780
1786492582937 0.00026744999999999997 1781
1786492585521 0.0002676 1782
1786492588104 0.00026775 1783
1786492590688 0.0002679 1784
1786492593271 0.00026805 1785
1786492595850 0.00026819999999999996 1786
1786492598424 0.00026835 1787
1786492600999 0.00026849999999999997 1788
1786492603573 0.00026864999999999994 1789
1786492606148 0.0002688 1790
1786492608722 0.00026894999999999995 1791
1786492611296 0.0002691 1792
1786492613872 0.00026924999999999996 1793
1786492616446 0.0002694 1794
1786492619020 0.00026954999999999997 1795
1786492621594 0.0002697 1796
1786492624168 0.00026984999999999997 1797
1786492626742 0.00027 1798
1786492629318 0.00027015 1799
1786492631893 0.00027029999999999996 1800
1786492634470 0.00027045 1801
1786492637045 0.00027059999999999996 1802
1786492639619 0.00027074999999999994 1803
1786492642194 0.00027089999999999997 1804
1786492644770 0.00027104999999999995 1805
1786492647348 0.0002712 1806
1786492649923 0.00027134999999999995 1807
1786492652498 0.0002715 1808
1786492655072 0.00027164999999999996 1809
1786492657646 0.0002718 1810
1786492660221 0.00027194999999999997 1811
1786492662795 0.0002721 1812
1786492665370 0.00027225 1813
1786492667944 0.0002724 1814
1786492670519 0.00027255 1815
1786492673094 0.00027269999999999996 1816
1786492675669 0.00027285 1817
1786492678246 0.00027299999999999997 1818
1786492680820 0.00027314999999999994 1819
1786492683395 0.0002733 1820
1786492685970 0.00027344999999999995 1821
1786492688544 0.0002736 1822
1786492691119 0.00027374999999999996 1823
1786492693704 0.0002739 1824
1786492696292 0.00027404999999999997 1825
1786492698877 0.0002742 1826
1786492701461 0.00027435 1827
1786492704046 0.0002745 1828
1786492706632 0.00027465 1829
1786492709220 0.0002748 1830
1786492711805 0.00027495 1831
1786492714390 0.00027509999999999996 1832
1786492716975 0.00027525 1833
1786492719561 0.00027539999999999997 1834
1786492722146 0.00027554999999999995 1835
1786492724732 0.0002757 1836
1786492727316 0.00027584999999999996 1837
1786492729900 0.000276 1838
1786492732486 0.00027614999999999996 1839
1786492735071 0.0002763 1840
1786492737656 0.00027644999999999997 1841
1786492740242 0.0002766 1842
1786492742827 0.00027675 1843
1786492745413 0.0002769 1844
1786492747999 0.00027705 1845
1786492750584 0.0002772 1846
1786492753169 0.00027735 1847
1786492755755 0.00027749999999999997 1848
1786492758339 0.00027764999999999995 1849
1786492760924 0.0002778 1850
1786492763509 0.00027794999999999995 1851
1786492766094 0.0002781 1852
1786492768680 0.00027824999999999996 1853
1786492771264 0.0002784 1854
1786492773850 0.00027854999999999997 1855
1786492776435 0.0002787 1856
1786492779020 0.00027885 1857
1786492781604 0.000279 1858
1786492784189 0.00027915 1859
1786492786774 0.0002793 1860
1786492789358 0.00027945 1861
1786492791943 0.00027959999999999997 1862
1786492794531 0.00027975 1863
1786492797119 0.0002799 1864
1786492799705 0.00028004999999999995 1865
1786492802290 0.0002802 1866
1786492804876 0.00028034999999999996 1867
1786492807473 0.0002805 1868
1786492810059 0.00028064999999999996 1869
1786492812644 0.0002808 1870
1786492815230 0.00028094999999999997 1871
1786492817815 0.0002811 1872
1786492820400 0.00028125 1873
1786492822986 0.00028139999999999996 1874
1786492825571 0.00028155 1875
1786492828154 0.00028169999999999996 1876
1786492830737 0.00028185 1877
1786492833320 0.00028199999999999997 1878
1786492835903 0.00028215 1879
1786492838486 0.0002823 1880
1786492841070 0.00028244999999999995 1881
1786492843653 0.0002826 1882
1786492846236 0.00028274999999999996 1883
1786492848819 0.00028289999999999994 1884
1786492851403 0.00028304999999999997 1885
1786492853988 0.00028319999999999994 1886
1786492856571 0.00028335 1887
1786492859154 0.00028349999999999995 1888
1786492861736 0.00028365 1889
1786492864319 0.00028379999999999996 1890
1786492866902 0.00028395 1891
1786492869485 0.00028409999999999997 1892
1786492872067 0.00028425 1893
1786492874650 0.0002844 1894
1786492877233 0.00028455 1895
1786492879815 0.0002847 1896
1786492882397 0.00028484999999999996 1897
1786492884980 0.000285 1898
1786492887562 0.00028514999999999997 1899
1786492890145 0.00028529999999999994 1900
1786492892728 0.00028544999999999997 1901
1786492895311 0.00028559999999999995 1902
1786492897896 0.00028575 1903
1786492900480 0.00028589999999999996 1904
1786492903065 0.00028605 1905
1786492905651 0.00028619999999999996 1906
1786492908238 0.00028635 1907
1786492910827 0.00028649999999999997 1908
1786492913413 0.00028665 1909
1786492916000 0.0002868 1910
1786492918586 0.00028694999999999995 1911
1786492921170 0.0002871 1912
1786492923756 0.00028724999999999996 1913
1786492926341 0.00028739999999999994 1914
1786492928926 0.00028754999999999997 1915
1786492931510 0.00028769999999999995 1916
1786492934095 0.00028785 1917
1786492936680 0.00028799999999999995 1918
1786492939266 0.00028815 1919
1786492941851 0.00028829999999999996 1920
1786492944436 0.00028845 1921
1786492947021 0.00028859999999999997 1922
1786492949606 0.00028875 1923
1786492952191 0.0002889 1924
1786492954775 0.00028905 1925
1786492957360 0.0002892 1926
1786492959945 0.00028934999999999996 1927
1786492962530 0.0002895 1928
1786492965114 0.00028964999999999997 1929
1786492967699 0.00028979999999999994 1930
1786492970285 0.00028995 1931
1786492972877 0.00029009999999999995 1932
1786492975462 0.00029025 1933
1786492978045 0.00029039999999999996 1934
1786492980629 0.00029055 1935
1786492983213 0.00029069999999999996 1936
1786492985801 0.00029085 1937
1786492988386 0.00029099999999999997 1938
1786492990971 0.00029115 1939
1786492993556 0.0002913 1940
1786492996142 0.00029145 1941
1786492998726 0.0002916 1942
1786493001314 0.00029174999999999996 1943
1786493003898 0.0002919 1944
1786493006483 0.00029204999999999997 1945
1786493009067 0.00029219999999999995 1946
1786493011653 0.00029235 1947
1786493014237 0.00029249999999999995 1948
1786493016821 0.00029265 1949
1786493019405 0.00029279999999999996 1950
1786493021990 0.00029295 1951
1786493024574 0.00029309999999999997 1952
1786493027159 0.00029325 1953
1786493029744 0.0002934 1954
1786493032329 0.00029355 1955
1786493034914 0.0002937 1956
1786493037500 0.00029384999999999996 1957
1786493040087 0.000294 1958
1786493042671 0.00029414999999999997 1959
1786493045257 0.00029429999999999994 1960
1786493047842 0.00029445 1961
1786493050426 0.00029459999999999995 1962
1786493053011 0.00029475 1963
1786493055596 0.00029489999999999996 1964
1786493058181 0.00029505 1965
1786493060765 0.00029519999999999997 1966
1786493063351 0.00029535 1967
1786493065936 0.00029549999999999997 1968
1786493068520 0.00029565 1969
1786493071106 0.0002958 1970
1786493073691 0.00029595 1971
1786493076277 0.0002961 1972
1786493078861 0.00029624999999999996 1973
1786493081446 0.0002964 1974
1786493084031 0.00029654999999999997 1975
1786493086615 0.00029669999999999995 1976
1786493089201 0.00029685 1977
1786493091787 0.00029699999999999996 1978
1786493094372 0.00029715 1979
1786493096957 0.00029729999999999996 1980
1786493099542 0.00029745 1981
1786493102126 0.00029759999999999997 1982
1786493104712 0.00029775 1983
1786493107297 0.0002979 1984
1786493109881 0.00029805 1985
1786493112465 0.0002982 1986
1786493115050 0.00029835 1987
1786493117637 0.0002985 1988
1786493120221 0.00029864999999999997 1989
1786493122805 0.0002988 1990
1786493125389 0.00029895 1991
1786493127973 0.00029909999999999995 1992
1786493130557 0.00029925 1993
1786493133141 0.00029939999999999996 1994
1786493135725 0.00029955 1995
1786493138312 0.00029969999999999997 1996
1786493140898 0.00029985 1997
1786493143484 0.0003 1998
1786493146067 0.0003 1999
