1786487967578 3.1718879197724164 0
1786487970157 2.5766408443450928 1
1786487972732 2.572325135115534 2
1786487975306 2.5719891227781773 3
1786487977880 2.572190500795841 4
1786487980455 2.5730566419661045 5
1786487983032 2.575148068834096 6
1786487985629 2.595808024983853 7
1786487988206 2.5746448300778866 8
1786487990783 2.574961752165109 9
1786487993363 2.579159006010741 10
1786487995941 2.5756921879947186 11
1786487998517 2.574189512990415 12
1786488001096 2.577241776045412 13
1786488003675 2.5770475692115724 14
1786488006255 2.578195579815656 15
1786488008837 2.5795723809860647 16
1786488011419 2.5807967050932348 17
1786488014008 2.586851646658033 18
1786488016594 2.5840148432180285 19
1786488019184 2.588755347300321 20
1786488021774 2.5881009632721543 21
1786488024355 2.578628946095705 22
1786488026935 2.578182219993323 23
1786488029515 2.5783244650810957 24
1786488032095 2.5777077628299594 25
1786488034674 2.5780189437791705 26
1786488037255 2.579178517218679 27
1786488039835 2.577904579695314 28
1786488042418 2.5812412020750344 29
1786488045012 2.5920878290198743 30
1786488047595 2.58083109697327 31
1786488050181 2.5838638567365706 32
1786488052762 2.5793345221318305 33
1786488055348 2.5842339009977877 34
1786488057932 2.581884694751352 35
1786488060519 2.5852774400264025 36
1786488063106 2.584749709814787 37
1786488065691 2.5833685100078583 38
1786488068273 2.5798741821199656 39
1786488070854 2.579133474268019 40
1786488073437 2.581169658806175 41
1786488076022 2.583426342345774 42
1786488078607 2.5837590941227973 43
1786488081196 2.5862045837566257 44
1786488083781 2.5826285229995847 45
1786488086371 2.5883570527657866 46
1786488088962 2.589693162124604 47
1786488091545 2.5806071893312037 48
1786488094127 2.5804359926842153 49
1786488096710 2.5814666002988815 50
1786488099294 2.5821436950936913 51
1786488101878 2.580446853302419 52
1786488104458 2.578362396918237 53
1786488107037 2.5772306052967906 54
1786488109622 2.5834789536893368 55
1786488112208 2.5838132561184466 56
1786488114797 2.5870431447401643 57
1786488117386 2.587133157067001 58
1786488119980 2.5916986046358943 59
1786488122567 2.584978359285742 60
1786488125151 2.5818870458751917 61
1786488127732 2.57966699404642 62
1786488130313 2.578838803805411 63
1786488132896 2.5814319187775254 64
1786488135479 2.5810672850348055 65
1786488138062 2.5812448621727526 66
1786488140646 2.5816477071493864 67
1786488143231 2.583131550811231 68
1786488145815 2.5823791730217636 69
1786488148404 2.587725549004972 70
1786488150997 2.5902710133232176 71
1786488153591 2.5927190519869328 72
1786488156172 2.579362783115357 73
1786488158760 2.585701955948025 74
1786488161341 2.5786768081597984 75
1786488163923 2.5808265055529773 76
1786488166505 2.579588310793042 77
1786488169088 2.581407588440925 78
1786488171676 2.5865484857931733 79
1786488174258 2.5796097624115646 80
1786488176839 2.5793508221395314 81
1786488179423 2.582514947745949 82
1786488182008 2.5824140049517155 83
1786488184592 2.5822988813742995 84
1786488187178 2.584411487914622 85
1786488189760 2.5798170901834965 86
1786488192341 2.579197767190635 87
1786488194922 2.578811813145876 88
1786488197502 2.5782168307341635 89
1786488200080 2.576630963012576 90
1786488202659 2.5771721829660237 91
1786488205239 2.5778908287175 92
1786488207818 2.577627370133996 93
1786488210402 2.581834674347192 94
1786488212984 2.5799217643216252 95
1786488215566 2.5799582647159696 96
1786488218144 2.576780057977885 97
1786488220723 2.576772468164563 98
1786488223304 2.5795266991481185 99
1786488225887 2.5805781381204724 100
1786488228475 2.586312566883862 101
1786488231063 2.586211913730949 102
1786488233647 2.5828992133028805 103
1786488236231 2.5820175111293793 104
1786488238814 2.5808728579431772 105
1786488241398 2.581711899023503 106
1786488243979 2.5799554348923266 107
1786488246569 2.5875776926986873 108
1786488249154 2.5829839161597192 109
1786488251737 2.581398237030953 110
1786488254320 2.5816562767140567 111
1786488256903 2.581311214249581 112
1786488259479 2.573784029111266 113
1786488262057 2.575284292921424 114
1786488264630 2.571442033164203 115
1786488267216 2.5843576956540346 116
1786488269797 2.578724500257522 117
1786488272376 2.5780554246157408 118
1786488274957 2.5785105619579554 119
1786488277537 2.5784769910387695 120
1786488280118 2.5792572000063956 121
1786488282702 2.58199896896258 122
1786488285286 2.581581444013864 123
1786488287867 2.579775138758123 124
1786488290448 2.5794448158703744 125
1786488293031 2.5808668578974903 126
1786488295613 2.5802189451642334 127
1786488298195 2.580117480363697 128
1786488300775 2.578566564247012 129
1786488303360 2.5823069107718766 130
1786488305954 2.5921866428107023 131
1786488308537 2.581578064709902 132
1786488311119 2.5806269301101565 133
1786488313702 2.5807874747551978 134
1786488316282 2.5785241429693997 135
1786488318863 2.579317580908537 136
1786488321444 2.579216757789254 137
1786488324025 2.5792341181077063 138
1786488326607 2.579858290962875 139
1786488329190 2.5809715422801673 140
1786488331774 2.5825733807869256 141
1786488334358 2.5819384679198265 142
1786488336943 2.583162632305175 143
1786488339529 2.584579113870859 144
1786488342112 2.5810132641345263 145
1786488344695 2.580546705983579 146
1786488347275 2.5786565467715263 147
1786488349858 2.58059512777254 148
1786488352441 2.5813115178607404 149
1786488355025 2.582597475964576 150
1786488357607 2.5800748127512634 151
1786488360188 2.5794666414149106 152
1786488362770 2.5793562969192863 153
1786488365353 2.5813946719281375 154
1786488367939 2.5846062498167157 155
1786488370526 2.585212460719049 156
1786488373110 2.582210721913725 157
1786488375696 2.5839075138792396 158
1786488378280 2.581668281927705 159
1786488380860 2.5784554448910058 160
1786488383442 2.580329643096775 161
1786488386024 2.5803620349615812 162
1786488388608 2.5821663700044155 163
1786488391188 2.578503985889256 164
1786488393768 2.5772301903925836 165
1786488396348 2.578372420743108 166
1786488398934 2.5841059111990035 167
1786488401516 2.5803973050788045 168
1786488404100 2.581658092327416 169
1786488406684 2.5822896738536656 170
1786488409266 2.5806196331977844 171
1786488411845 2.5774418679066002 172
1786488414428 2.5810681502334774 173
1786488417014 2.584046558942646 174
1786488419597 2.581063359975815 175
1786488422177 2.5782653870992362 176
1786488424759 2.5802814909256995 177
1786488427340 2.5790226948447526 178
1786488429921 2.578738904092461 179
1786488432500 2.5775207690894604 180
1786488435080 2.578326549846679 181
1786488437661 2.5787271838635206 182
1786488440243 2.580376474186778 183
1786488442826 2.581253695767373 184
1786488445413 2.584957371931523 185
1786488447999 2.583887623157352 186
1786488450587 2.586055883206427 187
1786488453196 2.6072309780865908 188
1786488455778 2.580501060001552 189
1786488458363 2.583179805893451 190
1786488460946 2.5808833129704 191
1786488463530 2.5820425250567496 192
1786488466112 2.5800041812472045 193
1786488468696 2.581642370671034 194
1786488471278 2.5801888280548155 195
1786488473863 2.583189287688583 196
1786488476445 2.580483239144087 197
1786488479034 2.587485054973513 198
1786488481617 2.580956016201526 199
1786488484190 2.571092104073614 200
1786488486765 2.572485025972128 201
1786488489341 2.5744075761176646 202
1786488491922 2.5790364649146795 203
1786488494504 2.5801776573061943 204
1786488497086 2.579998371191323 205
1786488499668 2.579719350207597 206
1786488502249 2.57980964332819 207
1786488504833 2.5821122881025076 208
1786488507414 2.5793865588493645 209
1786488509991 2.574630665127188 210
1786488512574 2.5807886589318514 211
1786488515156 2.5804533772170544 212
1786488517742 2.584521356038749 213
1786488520331 2.5873680100776255 214
1786488522919 2.5854839817620814 215
1786488525514 2.5932394745759666 216
1786488528104 2.58808251703158 217
1786488530690 2.584265657234937 218
1786488533284 2.5922301588580012 219
1786488535868 2.5815728781744838 220
1786488538454 2.584572267718613 221
1786488541040 2.584196014329791 222
1786488543632 2.5904499627649784 223
1786488546220 2.5856658779084682 224
1786488548804 2.582532614003867 225
1786488551393 2.5870284880511463 226
1786488553978 2.5827556322328746 227
1786488556559 2.579439311288297 228
1786488559142 2.5806355639360845 229
1786488561726 2.5820787767879665 230
1786488564310 2.582758191972971 231
1786488566893 2.5809098836034536 232
1786488569478 2.583418966270983 233
1786488572060 2.5798357748426497 234
1786488574645 2.583596312906593 235
1786488577226 2.578621910419315 236
1786488579806 2.5785716688260436 237
1786488582386 2.5777856688946486 238
1786488584966 2.5785344569012523 239
1786488587551 2.5834832387045026 240
1786488590135 2.5817401339299977 241
1786488592718 2.58174323476851 242
1786488595306 2.5857365098781884 243
1786488597893 2.5851538297720253 244
1786488600486 2.590574437752366 245
1786488603075 2.5872818967327476 246
1786488605662 2.5849910341203213 247
1786488608256 2.5926072718575597 248
1786488610838 2.579725580755621 249
1786488613420 2.5801102346740663 250
1786488616014 2.5927109657786787 251
1786488618594 2.578258777037263 252
1786488621181 2.58474564505741 253
1786488623773 2.5901568019762635 254
1786488626354 2.579481542110443 255
1786488628938 2.5815486880019307 256
1786488631530 2.590383200906217 257
1786488634117 2.584971513133496 258
1786488636702 2.58341031614691 259
1786488639294 2.5905820690095425 260
1786488641878 2.5818519885651767 261
1786488644465 2.585458090994507 262
1786488647049 2.581438452936709 263
1786488649639 2.5886431066319346 264
1786488652238 2.596688651945442 265
1786488654829 2.58927749004215 266
1786488657411 2.580444527324289 267
1786488660003 2.5895814821124077 268
1786488662587 2.5829869797453284 269
1786488665176 2.5868348213844 270
1786488667766 2.5873297099024057 271
1786488670349 2.581146531738341 272
1786488672939 2.588752501178533 273
1786488675532 2.590544797014445 274
1786488678129 2.5956570538692176 275
1786488680716 2.5853407559916377 276
1786488683310 2.5913196257315576 277
1786488685900 2.588560744188726 278
1786488688483 2.5810184190049767 279
1786488691067 2.5819225213490427 280
1786488693658 2.5888145728968084 281
1786488696243 2.583736347965896 282
1786488698826 2.580669764894992 283
1786488701420 2.5921944468282163 284
1786488704002 2.57984142517671 285
1786488706588 2.5845794482156634 286
1786488709180 2.5906025879085064 287
1786488711772 2.589383953716606 288
1786488714355 2.581461814697832 289
1786488716942 2.584627870004624 290
1786488719531 2.5877658049575984 291
1786488722112 2.57901400513947 292
1786488724695 2.581716143991798 293
1786488727279 2.581207764800638 294
1786488729866 2.5852304119616747 295
1786488732462 2.5949694090522826 296
1786488735048 2.5841321628540754 297
1786488737632 2.581794226076454 298
1786488740214 2.580340274143964 299
1786488742805 2.588835363741964 300
1786488745388 2.5815215562470257 301
1786488747969 2.5787965869531035 302
1786488750557 2.586648724041879 303
1786488753141 2.582086766604334 304
1786488755724 2.580343422945589 305
1786488758307 2.581123852171004 306
1786488760889 2.580348602961749 307
1786488763472 2.581752674188465 308
1786488766056 2.582034396007657 309
1786488768640 2.5815926790237427 310
1786488771227 2.5854189498350024 311
1786488773819 2.5900995298288763 312
1786488776400 2.5788656398653984 313
1786488778985 2.5831852881237864 314
1786488781571 2.584333358798176 315
1786488784154 2.581434383057058 316
1786488786741 2.5852381526492536 317
1786488789324 2.5811680941842496 318
1786488791908 2.58204457629472 319
1786488794495 2.5843958421610296 320
1786488797080 2.5832571401260793 321
1786488799662 2.5800312319770455 322
1786488802238 2.5741846077144146 323
1786488804810 2.5701100789010525 324
1786488807382 2.5704150702804327 325
1786488809956 2.5723899728618562 326
1786488812538 2.5801028949208558 327
1786488815113 2.572387332096696 328
1786488817696 2.5813524811528623 329
1786488820273 2.5755640380084515 330
1786488822849 2.5741716381162405 331
1786488825423 2.5718201720155776 332
1786488828004 2.5790031338110566 333
1786488830596 2.59006451908499 334
1786488833178 2.580581372138113 335
1786488835770 2.589797710068524 336
1786488838350 2.5781962550245225 337
1786488840932 2.580010702367872 338
1786488843519 2.5858510648831725 339
1786488846105 2.583781098946929 340
1786488848689 2.582652188371867 341
1786488851270 2.5786517621017992 342
1786488853853 2.5811375328339636 343
1786488856438 2.5838571218773723 344
1786488859025 2.5844106320291758 345
1786488861605 2.5787201039493084 346
1786488864194 2.586945124901831 347
1786488866779 2.582805242855102 348
1786488869368 2.587321988772601 349
1786488871946 2.575863689184189 350
1786488874522 2.5739563489332795 351
1786488877097 2.573345697019249 352
1786488879679 2.5802648812532425 353
1786488882262 2.5809373748488724 354
1786488884844 2.5807013460434973 355
1786488887424 2.577847632113844 356
1786488890004 2.57824569568038 357
1786488892584 2.578252897132188 358
1786488895164 2.578459855169058 359
1786488897746 2.5803202129900455 360
1786488900328 2.5799780897796154 361
1786488902910 2.5801923675462604 362
1786488905492 2.579960858915001 363
1786488908074 2.5801728470250964 364
1786488910662 2.586911413818598 365
1786488913247 2.5832214881666005 366
1786488915831 2.581439692992717 367
1786488918413 2.580006441101432 368
1786488920998 2.583512009587139 369
1786488923584 2.5846621822565794 370
1786488926166 2.5801386856473982 371
1786488928749 2.5805093301460147 372
1786488931330 2.579913397785276 373
1786488933912 2.579965460114181 374
1786488936494 2.580243398901075 375
1786488939076 2.580518830101937 376
1786488941658 2.579585914965719 377
1786488944241 2.5810727500356734 378
1786488946823 2.5808610529638827 379
1786488949405 2.579690639860928 380
1786488951986 2.579310425091535 381
1786488954568 2.580485849175602 382
1786488957152 2.5816870531998575 383
1786488959736 2.582199191208929 384
1786488962317 2.579612116795033 385
1786488964899 2.5796015174128115 386
1786488967481 2.5803454341366887 387
1786488970063 2.580158987082541 388
1786488972645 2.5803704340942204 389
1786488975228 2.58109585987404 390
1786488977811 2.581438754219562 391
1786488980393 2.5805433401837945 392
1786488982975 2.5799969201907516 393
1786488985557 2.580185078084469 394
1786488988139 2.58015014603734 395
1786488990721 2.5803661341778934 396
1786488993302 2.5794968218542635 397
1786488995884 2.580018652137369 398
1786488998467 2.5816630823537707 399
1786489001051 2.582033655140549 400
1786489003633 2.579879736993462 401
1786489006215 2.580652845092118 402
1786489008797 2.580115145072341 403
1786489011381 2.581921181175858 404
1786489013963 2.5797678721137345 405
1786489016544 2.5794654018245637 406
1786489019126 2.580071242991835 407
1786489021708 2.5808062497526407 408
1786489024291 2.580626092851162 409
1786489026874 2.581349339801818 410
1786489029459 2.5834053750149906 411
1786489032041 2.5800811839289963 412
1786489034623 2.580317473039031 413
1786489037205 2.580199988093227 414
1786489039787 2.580127765890211 415
1786489042371 2.5816409806720912 416
1786489044954 2.581503286026418 417
1786489047537 2.5807684785686433 418
1786489050119 2.5811059321276844 419
1786489052702 2.5805613808333874 420
1786489055284 2.5799429388716817 421
1786489057866 2.5801721680909395 422
1786489060447 2.5800252011977136 423
1786489063029 2.58004514221102 424
1786489065611 2.579867646098137 425
1786489068193 2.580429627094418 426
1786489070775 2.5803314726799726 427
1786489073357 2.5801176358945668 428
1786489075940 2.581470064818859 429
1786489078522 2.5802688798867166 430
1786489081105 2.5806501051411033 431
1786489083687 2.580584852024913 432
1786489086269 2.580426107160747 433
1786489088851 2.580522649921477 434
1786489091433 2.5801438759081066 435
1786489094016 2.581116321031004 436
1786489096598 2.5805211598053575 437
1786489099183 2.582624586764723 438
1786489101767 2.5818073167465627 439
1786489104351 2.58236917713657 440
1786489106934 2.5812387159094214 441
1786489109518 2.5818746597506106 442
1786489112102 2.582990041002631 443
1786489114691 2.586497968994081 444
1786489117276 2.583438356872648 445
1786489119861 2.582823473960161 446
1786489122448 2.584959973115474 447
1786489125034 2.584341960027814 448
1786489127618 2.5824006386101246 449
1786489130203 2.583285280968994 450
1786489132789 2.583939685020596 451
1786489135377 2.5857593212276697 452
1786489137950 2.570824485272169 453
1786489140522 2.571077255066484 454
1786489143098 2.5736350282095373 455
1786489145672 2.5723133203573525 456
1786489148246 2.572249236982316 457
1786489150820 2.5721057215705514 458
1786489153394 2.5715602920390666 459
1786489155967 2.5716274841688573 460
1786489158540 2.571589113213122 461
1786489161114 2.572172624990344 462
1786489163687 2.5710923350416124 463
1786489166260 2.5707332021556795 464
1786489168834 2.571811681147665 465
1786489171408 2.5728609398938715 466
1786489173983 2.5723821921274066 467
1786489176558 2.5731247002258897 468
1786489179131 2.5711370962671936 469
1786489181704 2.571753079071641 470
1786489184277 2.5713278129696846 471
1786489186850 2.5710539733991027 472
1786489189425 2.572892360854894 473
1786489191999 2.5723638208582997 474
1786489194573 2.5715676019899547 475
1786489197146 2.571175428107381 476
1786489199718 2.570817605126649 477
1786489202293 2.5726346420124173 478
1786489204865 2.57060609664768 479
1786489207451 2.583800910040736 480
1786489210023 2.570797984022647 481
1786489212596 2.5712507008574903 482
1786489215171 2.572539707645774 483
1786489217744 2.570926788263023 484
1786489220317 2.5714306770823896 485
1786489222891 2.5723246801644564 486
1786489225465 2.5725291878916323 487
1786489228039 2.571507770102471 488
1786489230611 2.5705260038375854 489
1786489233186 2.572959644254297 490
1786489235760 2.572376010939479 491
1786489238334 2.5717493989504874 492
1786489240908 2.5726722427643836 493
1786489243484 2.574352464172989 494
1786489246058 2.571394186001271 495
1786489248632 2.5723776118829846 496
1786489251206 2.572765925899148 497
1786489253786 2.5773704452440143 498
1786489256368 2.5803536139428616 499
1786489267802 2.5858652759343386 500
1786489270391 2.587219695094973 501
1786489272973 2.579943138640374 502
1786489275554 2.579614437185228 503
1786489278135 2.5788917299360037 504
1786489280717 2.579868535976857 505
1786489283299 2.5798201146535575 506
1786489285882 2.5818090070970356 507
1786489288466 2.5818460187874734 508
1786489291049 2.5816575209610164 509
1786489293634 2.5824558907188475 510
1786489296217 2.581707793287933 511
1786489298802 2.583273861091584 512
1786489301388 2.5838251309469342 513
1786489303979 2.5893886438570917 514
1786489306564 2.582624636590481 515
1786489309148 2.5824961019679904 516
1786489311732 2.5822806642390788 517
1786489314317 2.5831272858195007 518
1786489316902 2.583454786799848 519
1786489319488 2.5832812008447945 520
1786489322071 2.5815861891023815 521
1786489324654 2.581232916098088 522
1786489327238 2.5819908841513097 523
1786489329821 2.5816043289378285 524
1786489332404 2.581508805975318 525
1786489334989 2.5826834090985358 526
1786489337576 2.5857214210554957 527
1786489340160 2.5818874798715115 528
1786489342743 2.5817845263518393 529
1786489345327 2.5817288840189576 530
1786489347910 2.581279768142849 531
1786489350494 2.581853229086846 532
1786489353077 2.5813872618600726 533
1786489355661 2.5823502968996763 534
1786489358244 2.5815004161559045 535
1786489360827 2.5816684616729617 536
1786489363410 2.581365420948714 537
1786489365994 2.5814610137604177 538
1786489368578 2.5822328818030655 539
1786489371162 2.5822790837846696 540
1786489373745 2.5814324128441513 541
1786489376328 2.5809370949864388 542
1786489378911 2.5814241031184793 543
1786489381494 2.581778421998024 544
1786489384078 2.582047772128135 545
1786489386662 2.5821365960873663 546
1786489389253 2.5888315117917955 547
1786489391836 2.5811616792343557 548
1786489394420 2.5822161878459156 549
1786489397003 2.581671248190105 550
1786489399587 2.5816397266462445 551
1786489402171 2.582869552075863 552
1786489404755 2.582556961104274 553
1786489407339 2.581830154173076 554
1786489409923 2.5819988399744034 555
1786489412506 2.5816713580861688 556
1786489415090 2.5815374930389225 557
1786489417674 2.5822095470502973 558
1786489420257 2.5818420238792896 559
1786489422841 2.5818895059637725 560
1786489425423 2.580478494055569 561
1786489428005 2.5805024350993335 562
1786489430589 2.5813132040202618 563
1786489433172 2.581603516358882 564
1786489435757 2.582917404361069 565
1786489438340 2.581276462879032 566
1786489440923 2.581871506292373 567
1786489443506 2.5808689892292023 568
1786489446090 2.5825119288638234 569
1786489448676 2.5840833471156657 570
1786489451256 2.5781791689805686 571
1786489453831 2.5729111661203206 572
1786489456406 2.573325680103153 573
1786489458981 2.5726340147666633 574
1786489461557 2.5738444491289556 575
1786489464131 2.5720003619790077 576
1786489466711 2.5781861101277173 577
1786489469292 2.5794948576949537 578
1786489471874 2.579936874099076 579
1786489474455 2.5797226657159626 580
1786489477037 2.580010056961328 581
1786489479618 2.579153625294566 582
1786489482199 2.579429545905441 583
1786489484781 2.5798278800211847 584
1786489487362 2.579281419981271 585
1786489489945 2.5817991229705513 586
1786489492529 2.58177177188918 587
1786489495112 2.5813074549660087 588
1786489497695 2.5808046157471836 589
1786489500277 2.579876401927322 590
1786489502859 2.5804869141429663 591
1786489505440 2.579142144881189 592
1786489508021 2.5797702381387353 593
1786489510602 2.5789973600767553 594
1786489513184 2.580087840091437 595
1786489515765 2.5793767631985247 596
1786489518346 2.579255619086325 597
1786489520927 2.57927639875561 598
1786489523508 2.5791163542307913 599
1786489526089 2.5794572262093425 600
1786489528672 2.5811017169617116 601
1786489531253 2.579578700941056 602
1786489533839 2.583392310887575 603
1786489536423 2.5824830681085587 604
1786489539005 2.5802430850453675 605
1786489541586 2.578927227295935 606
1786489544167 2.57889656489715 607
1786489546748 2.5795692508108914 608
1786489549329 2.5792325576767325 609
1786489551910 2.579160135705024 610
1786489554492 2.580150521825999 611
1786489557074 2.580524395685643 612
1786489559658 2.5822679200209677 613
1786489562242 2.5821010838262737 614
1786489564827 2.5826236428692937 615
1786489567411 2.5824958183802664 616
1786489569995 2.581814473029226 617
1786489572579 2.5827762889675796 618
1786489575164 2.5827227868139744 619
1786489577747 2.581622126046568 620
1786489580330 2.581676157657057 621
1786489582914 2.5819331682287157 622
1786489585498 2.5817749509587884 623
1786489588082 2.581981779076159 624
1786489590665 2.581392418127507 625
1786489593248 2.581418697722256 626
1786489595832 2.5820165099576116 627
1786489598417 2.5834334730170667 628
1786489601000 2.5813941680826247 629
1786489603585 2.583344578742981 630
1786489606168 2.5812916541472077 631
1786489608753 2.582634082995355 632
1786489611337 2.5826315227895975 633
1786489613921 2.581662598066032 634
1786489616505 2.582704075612128 635
1786489619091 2.5838485178537667 636
1786489621674 2.5805074460804462 637
1786489624256 2.5809762328863144 638
1786489626840 2.581805943045765 639
1786489629424 2.5827365783043206 640
1786489632008 2.5819360283203423 641
1786489634591 2.581456739921123 642
1786489637173 2.5796532542444766 643
1786489639754 2.58002797793597 644
1786489642336 2.579644373152405 645
1786489644917 2.5798457209020853 646
1786489647499 2.5801750333048403 647
1786489650080 2.5797824393957853 648
1786489652663 2.5804074411280453 649
1786489655246 2.5811534989625216 650
1786489657828 2.5810107439756393 651
1786489660410 2.579845221247524 652
1786489662992 2.579784237779677 653
1786489665573 2.579593501985073 654
1786489668155 2.5800715391524136 655
1786489670738 2.581670588348061 656
1786489673322 2.5825252197682858 657
1786489675908 2.583315899129957 658
1786489678490 2.580571947619319 659
1786489681073 2.58167971810326 660
1786489683656 2.5809876630082726 661
1786489686240 2.5821129437536 662
1786489688825 2.582446036860347 663
1786489691408 2.581329545006156 664
1786489693991 2.5813457760959864 665
1786489696573 2.580836967099458 666
1786489699156 2.5809067701920867 667
1786489701739 2.581018203869462 668
1786489704324 2.583936862181872 669
1786489706907 2.5806337404064834 670
1786489709489 2.581092206761241 671
1786489712072 2.5811399277299643 672
1786489714655 2.581117976922542 673
1786489717238 2.580985852982849 674
1786489719821 2.5807323339395225 675
1786489722404 2.5816469970159233 676
1786489724987 2.5809675422497094 677
1786489727570 2.5811091768555343 678
1786489730153 2.581305514089763 679
1786489732736 2.5811630389653146 680
1786489735318 2.580968572292477 681
1786489737901 2.5811593891121447 682
1786489740484 2.5812762742862105 683
1786489743067 2.581243042834103 684
1786489745651 2.581707898993045 685
1786489748234 2.5813315049745142 686
1786489750816 2.5803973809815943 687
1786489753399 2.5814168686047196 688
1786489755983 2.5823133611120284 689
1786489758566 2.5810441649518907 690
1786489761149 2.581305054947734 691
1786489763732 2.581424058880657 692
1786489766315 2.5815875246189535 693
1786489768898 2.5809027096256614 694
1786489771480 2.5801524720154703 695
1786489774062 2.5804666937328875 696
1786489776644 2.5801741420291364 697
1786489779226 2.5799948358908296 698
1786489781808 2.579954864922911 699
1786489784390 2.5801939330995083 700
1786489786973 2.5814260789193213 701
1786489789555 2.580806686077267 702
1786489792139 2.58176651224494 703
1786489794715 2.5739023722708225 704
1786489797289 2.5725137698464096 705
1786489799865 2.573743326123804 706
1786489802439 2.572513510938734 707
1786489805013 2.5724930902943015 708
1786489807588 2.5725612328387797 709
1786489810163 2.5729947579093277 710
1786489812737 2.5729553271085024 711
1786489815318 2.5785991749726236 712
1786489817904 2.584787503350526 713
1786489820492 2.5852114581502974 714
1786489823075 2.581574695184827 715
1786489825659 2.582554909866303 716
1786489828243 2.581566444132477 717
1786489830827 2.58205526182428 718
1786489833410 2.5819727987982333 719
1786489835994 2.581383057869971 720
1786489838577 2.581856403965503 721
1786489841161 2.581812052987516 722
1786489843744 2.5815453729592264 723
1786489846330 2.583658181130886 724
1786489848916 2.5841431892476976 725
1786489851499 2.5815877746790648 726
1786489854085 2.584245732985437 727
1786489856669 2.5819336068816483 728
1786489859253 2.5818026629276574 729
1786489861836 2.5819794391281903 730
1786489864421 2.5828949129208922 731
1786489867006 2.582886892836541 732
1786489869590 2.581993579864502 733
1786489872175 2.5832808474078774 734
1786489874759 2.5820512720383704 735
1786489877342 2.5819637491367757 736
1786489879926 2.581822002772242 737
1786489882510 2.5819677687250078 738
1786489885095 2.5835861288942397 739
1786489887679 2.5817633010447025 740
1786489890262 2.5812576822936535 741
1786489892847 2.5833756807260215 742
1786489895431 2.5817037490196526 743
1786489898014 2.5820473111234605 744
1786489900598 2.5821160739287734 745
1786489903182 2.581845983862877 746
1786489905765 2.5814643311314285 747
1786489908349 2.5820605028420687 748
1786489910933 2.5821729260496795 749
1786489913518 2.5830661091022193 750
1786489916102 2.582238378934562 751
1786489918687 2.58304729918018 752
1786489921271 2.5820670728571713 753
1786489923855 2.5822277991101146 754
1786489926441 2.5838844291865826 755
1786489929026 2.5838271570391953 756
1786489931610 2.581638626754284 757
1786489934193 2.5813405560329556 758
1786489936777 2.582278829999268 759
1786489939361 2.5818074429407716 760
1786489941944 2.581454399973154 761
1786489944527 2.5814968207851052 762
1786489947110 2.580528345890343 763
1786489949692 2.580047118011862 764
1786489952274 2.5808721790090203 765
1786489954856 2.5801052399910986 766
1786489957438 2.5800484479404986 767
1786489960020 2.579966525081545 768
1786489962602 2.580104569904506 769
1786489965183 2.579978405032307 770
1786489967765 2.5795124475844204 771
1786489970347 2.5809580418281257 772
1786489972929 2.579542048741132 773
1786489975510 2.5796037921682 774
1786489978092 2.5798724619671702 775
1786489980673 2.5794394961558282 776
1786489983256 2.5808357573114336 777
1786489985837 2.5797469783574343 778
1786489988419 2.579795858822763 779
1786489991001 2.579975296277553 780
1786489993582 2.5795121788978577 781
1786489996163 2.579591941088438 782
1786489998744 2.579427445307374 783
1786490001326 2.5794928180985153 784
1786490003907 2.5792854498140514 785
1786490006488 2.5794461760669947 786
1786490009069 2.579483116976917 787
1786490011651 2.5795483491383493 788
1786490014232 2.579298160970211 789
1786490016815 2.5815867739729583 790
1786490019397 2.579829140100628 791
1786490021981 2.5820404523983598 792
1786490024562 2.579916113987565 793
1786490027144 2.579719256144017 794
1786490029726 2.580293077044189 795
1786490032309 2.5811023679561913 796
1786490034890 2.578965337947011 797
1786490037476 2.5848314040340483 798
1786490040060 2.5818265839479864 799
1786490042642 2.579863231163472 800
1786490045216 2.572061704006046 801
1786490047790 2.5722474311478436 802
1786490050375 2.5833089388906956 803
1786490052960 2.5832789172418416 804
1786490055544 2.5824330360628664 805
1786490058129 2.5827464666217566 806
1786490060715 2.5844076187349856 807
1786490063300 2.582968265749514 808
1786490065885 2.5834638536907732 809
1786490068468 2.5814321585930884 810
1786490071052 2.5817700419574976 811
1786490073641 2.58713033888489 812
1786490076226 2.5832588761113584 813
1786490078813 2.5845763152465224 814
1786490081404 2.589653322007507 815
1786490083991 2.5845895460806787 816
1786490086574 2.5815039318986237 817
1786490089161 2.584717819932848 818
1786490091751 2.5882546198554337 819
1786490094336 2.5835089050233364 820
1786490096922 2.583474675193429 821
1786490099506 2.582318151835352 822
1786490102089 2.5816795378923416 823
1786490104675 2.58360998891294 824
1786490107276 2.5993498088791966 825
1786490109852 2.5744101610034704 826
1786490112426 2.5720989047549665 827
1786490115001 2.5726470658555627 828
1786490117575 2.57270798785612 829
1786490120150 2.5725714531727135 830
1786490122724 2.572651296388358 831
1786490125299 2.5725600230507553 832
1786490127872 2.5720268632285297 833
1786490130446 2.572027592919767 834
1786490133022 2.5734270638786256 835
1786490135596 2.5723444847390056 836
1786490138171 2.573020299896598 837
1786490140746 2.5732069360092282 838
1786490143320 2.572161047719419 839
1786490145894 2.572206378914416 840
1786490148468 2.5727087478153408 841
1786490151044 2.5737985176965594 842
1786490153619 2.5730851320549846 843
1786490156194 2.573899762239307 844
1786490158771 2.573823089245707 845
1786490161344 2.571598346810788 846
1786490163918 2.57202329300344 847
1786490166492 2.572246931027621 848
1786490169066 2.5718878973275423 849
1786490171640 2.572083553764969 850
1786490174215 2.5735531388781965 851
1786490176797 2.5800187969580293 852
1786490179381 2.582543349824846 853
1786490181965 2.581310885027051 854
1786490184548 2.5818811361677945 855
1786490187132 2.582399195060134 856
1786490189716 2.581938438117504 857
1786490192300 2.5819399980828166 858
1786490194884 2.5822610002942383 859
1786490197468 2.5824118750169873 860
1786490200052 2.5819804896600544 861
1786490202636 2.5820586821064353 862
1786490205220 2.5824607866816223 863
1786490207805 2.583040058147162 864
1786490210392 2.5851746574044228 865
1786490212979 2.5852172588929534 866
1786490215567 2.5861579040065408 867
1786490218152 2.583416262175888 868
1786490220736 2.582305810879916 869
1786490223320 2.582245018798858 870
1786490225908 2.585537469945848 871
1786490228493 2.5830938005819917 872
1786490231077 2.582164235878736 873
1786490233660 2.5813105241395533 874
1786490236236 2.5743351569399238 875
1786490238813 2.575069664977491 876
1786490241389 2.5738990418612957 877
1786490243964 2.573330881074071 878
1786490246547 2.5811607888899744 879
1786490249131 2.581998920068145 880
1786490251717 2.584458149969578 881
1786490254293 2.574483282864094 882
1786490256869 2.573326511308551 883
1786490259443 2.5729821482673287 884
1786490262018 2.572343124076724 885
1786490264592 2.572223429568112 886
1786490267166 2.572375505696982 887
1786490269740 2.572813752107322 888
1786490272322 2.579994206316769 889
1786490274908 2.5839761323295534 890
1786490277491 2.5814671008847654 891
1786490280075 2.5815872051753104 892
1786490282658 2.5817539412528276 893
1786490285242 2.581610835157335 894
1786490287826 2.582093303091824 895
1786490290409 2.581559604033828 896
1786490292993 2.582251898944378 897
1786490295577 2.5822234079241753 898
1786490298160 2.581772971432656 899
1786490300744 2.58183132391423 900
1786490303328 2.582076362799853 901
1786490305913 2.5830724202096462 902
1786490308497 2.5821312349289656 903
1786490311080 2.581779441796243 904
1786490313664 2.582582991104573 905
1786490316249 2.582379864063114 906
1786490318832 2.582134384661913 907
1786490321417 2.582536088768393 908
1786490324001 2.5822617299854755 909
1786490326585 2.582752958405763 910
1786490329170 2.58248339779675 911
1786490331762 2.59001228492707 912
1786490334347 2.5834975549951196 913
1786490336928 2.5786994490772486 914
1786490339510 2.5808284268714488 915
1786490342092 2.5802731760777533 916
1786490344670 2.576064731925726 917
1786490347254 2.5816620769910514 918
1786490349838 2.582354122772813 919
1786490352422 2.5821505952626467 920
1786490355006 2.582459996920079 921
1786490357588 2.5802436750382185 922
1786490360171 2.581222702283412 923
1786490362755 2.5815016119740903 924
1786490365339 2.582274890039116 925
1786490367923 2.5827763490378857 926
1786490370506 2.5812208810821176 927
1786490373089 2.5807689051143825 928
1786490375671 2.5803298982791603 929
1786490378253 2.580028837081045 930
1786490380835 2.5804670928046107 931
1786490383417 2.5799975763075054 932
1786490385997 2.578379337210208 933
1786490388579 2.580273086670786 934
1786490391163 2.582676615100354 935
1786490393745 2.5798403001390398 936
1786490396330 2.5832782168872654 937
1786490398910 2.578426188789308 938
1786490401490 2.5781571180559695 939
1786490404072 2.579684464726597 940
1786490406652 2.578427169006318 941
1786490409232 2.578508520964533 942
1786490411814 2.5794185209088027 943
1786490414395 2.5797069552354515 944
1786490416977 2.580091808922589 945
1786490419559 2.5806304891593754 946
1786490422141 2.58003114676103 947
1786490424723 2.579858300741762 948
1786490427304 2.5801265011541545 949
1786490429886 2.579954433720559 950
1786490432468 2.5798594909720123 951
1786490435051 2.581055395770818 952
1786490437633 2.5801473422907293 953
1786490440214 2.5799280432984233 954
1786490442796 2.5797088257968426 955
1786490445377 2.5795948412269354 956
1786490447959 2.580290087033063 957
1786490450542 2.580880699213594 958
1786490453125 2.581532942596823 959
1786490455706 2.5797745678573847 960
1786490458288 2.580068878829479 961
1786490460870 2.580012727063149 962
1786490463452 2.5800938489846885 963
1786490466034 2.5805747471749783 964
1786490468618 2.5814934107474983 965
1786490471200 2.5804522540420294 966
1786490473782 2.5800582678057253 967
1786490476363 2.579729105811566 968
1786490478945 2.5800000159069896 969
1786490481528 2.5811177268624306 970
1786490484110 2.580271326005459 971
1786490486692 2.580264445859939 972
1786490489273 2.5799420941621065 973
1786490491856 2.5803657597862184 974
1786490494438 2.5803281576372683 975
1786490497020 2.580446023028344 976
1786490499601 2.5798298702575266 977
1786490502184 2.581040803808719 978
1786490504766 2.579862430691719 979
1786490507347 2.579824950080365 980
1786490509929 2.5798566699959338 981
1786490512513 2.5820064009167254 982
1786490515097 2.5821491149254143 983
1786490517677 2.578533101826906 984
1786490520257 2.5782695417292416 985
1786490522838 2.5797530370764434 986
1786490525420 2.5797626469284296 987
1786490528002 2.5802118238061666 988
1786490530584 2.579971765168011 989
1786490533166 2.5803745603188872 990
1786490535748 2.5806088778190315 991
1786490538329 2.5798014192841947 992
1786490540911 2.5802663462236524 993
1786490543493 2.5797216962091625 994
1786490546074 2.57951546786353 995
1786490548656 2.5797791378572583 996
1786490551238 2.5801451322622597 997
1786490553819 2.580081979278475 998
1786490556402 2.5802829172462225 999
1786490564476 2.5968049969524145 1000
1786490567058 2.580889008939266 1001
1786490569642 2.581418648827821 1002
1786490572226 2.582054752856493 1003
1786490574809 2.581206250935793 1004
1786490577391 2.580871957819909 1005
1786490579975 2.5818199240602553 1006
1786490582558 2.5814203890040517 1007
1786490585142 2.5824446072801948 1008
1786490587725 2.5812516920268536 1009
1786490590308 2.5811556787230074 1010
1786490592892 2.582096902653575 1011
1786490595476 2.5827297270298004 1012
1786490598065 2.586949603166431 1013
1786490600649 2.5816921987570822 1014
1786490603232 2.5816568080335855 1015
1786490605818 2.5833122292533517 1016
1786490608405 2.585275790654123 1017
1786490610997 2.5906691211275756 1018
1786490613583 2.5836238898336887 1019
1786490616168 2.583555518183857 1020
1786490618752 2.581841864157468 1021
1786490621334 2.5804732437245548 1022
1786490623917 2.581059555988759 1023
1786490626500 2.5813189251348376 1024
1786490629087 2.5846360879950225 1025
1786490631676 2.5878838882781565 1026
1786490634259 2.5811723498627543 1027
1786490636841 2.5799672049470246 1028
1786490639423 2.579598881304264 1029
1786490642004 2.5796030410565436 1030
1786490644585 2.579411675222218 1031
1786490647168 2.5808378770016134 1032
1786490649749 2.579217277932912 1033
1786490652331 2.579605801962316 1034
1786490654912 2.579564120154828 1035
1786490657493 2.579535158816725 1036
1786490660075 2.5804038010537624 1037
1786490662657 2.5794506049714983 1038
1786490665240 2.581321895122528 1039
1786490667822 2.5806669807061553 1040
1786490670403 2.5793487117625773 1041
1786490672985 2.5800283970311284 1042
1786490675567 2.580016026739031 1043
1786490678149 2.5799910249188542 1044
1786490680731 2.5799050931818783 1045
1786490683312 2.5797001346945763 1046
1786490685893 2.579050281085074 1047
1786490688474 2.5795025872066617 1048
1786490691057 2.5812941743060946 1049
1786490693640 2.5812265519052744 1050
1786490696223 2.580518515314907 1051
1786490698804 2.5797609370201826 1052
1786490701386 2.5794966369867325 1053
1786490703968 2.580380870960653 1054
1786490706550 2.58004262810573 1055
1786490709131 2.57981132902205 1056
1786490711713 2.5798692707903683 1057
1786490714295 2.5801498820073903 1058
1786490716876 2.579689105041325 1059
1786490719460 2.581741140689701 1060
1786490722044 2.582128615118563 1061
1786490724627 2.580880298744887 1062
1786490727208 2.579887981992215 1063
1786490729791 2.581117636989802 1064
1786490732374 2.581086967140436 1065
1786490734956 2.579633702058345 1066
1786490737538 2.580217474140227 1067
1786490740119 2.579428385011852 1068
1786490742702 2.5811477690003812 1069
1786490745283 2.5795052582398057 1070
1786490747865 2.579942423850298 1071
1786490750450 2.58288507303223 1072
1786490753033 2.581671138294041 1073
1786490755616 2.581114938016981 1074
1786490758193 2.5746618290431798 1075
1786490760776 2.5818353248760104 1076
1786490763361 2.582675855141133 1077
1786490765945 2.5823050211183727 1078
1786490768529 2.581700608599931 1079
1786490771112 2.5813611070625484 1080
1786490773696 2.5826498940587044 1081
1786490776280 2.5819964902475476 1082
1786490778863 2.581111976876855 1083
1786490781445 2.5801290813833475 1084
1786490784029 2.5816807891242206 1085
1786490786612 2.5812878543511033 1086
1786490789194 2.579935303889215 1087
1786490791776 2.581027323845774 1088
1786490794360 2.582112055271864 1089
1786490796943 2.580753294285387 1090
1786490799525 2.580346598289907 1091
1786490802107 2.5795310493558645 1092
1786490804689 2.58024400472641 1093
1786490807270 2.5795979211106896 1094
1786490809852 2.579912692774087 1095
1786490812436 2.582275940105319 1096
1786490815021 2.58285886188969 1097
1786490817604 2.58109194599092 1098
1786490820187 2.5817698910832405 1099
1786490822771 2.5816720481961966 1100
1786490825354 2.581549113150686 1101
1786490827943 2.58666828321293 1102
1786490830529 2.5846029869280756 1103
1786490833113 2.581876355689019 1104
1786490835695 2.580513825174421 1105
1786490838277 2.580043238122016 1106
1786490840860 2.5806857319548726 1107
1786490843442 2.5807224730961025 1108
1786490846025 2.5810047229751945 1109
1786490848607 2.5802096338011324 1110
1786490851191 2.581490200944245 1111
1786490853774 2.5810021427460015 1112
1786490856356 2.5801956127397716 1113
1786490858938 2.5801804629154503 1114
1786490861522 2.5826915758661926 1115
1786490864104 2.5801799930632114 1116
1786490866686 2.5797139252536 1117
1786490869269 2.5813331049866974 1118
1786490871852 2.581489431206137 1119
1786490874435 2.5806596502661705 1120
1786490877018 2.581026275176555 1121
1786490879600 2.5802086237818003 1122
1786490882182 2.5801052101887763 1123
1786490884763 2.5799235329031944 1124
1786490887345 2.580167822074145 1125
1786490889928 2.58037279965356 1126
1786490892510 2.581062516197562 1127
1786490895093 2.580725803039968 1128
1786490897676 2.5815941649489105 1129
1786490900262 2.584007754921913 1130
1786490902847 2.5829797056503594 1131
1786490905435 2.586158763617277 1132
1786490908020 2.582941854838282 1133
1786490910603 2.5809702118858695 1134
1786490913186 2.5813917382620275 1135
1786490915769 2.5810796059668064 1136
1786490918352 2.581146157812327 1137
1786490920935 2.5811723386868834 1138
1786490923517 2.5805837167426944 1139
1786490926107 2.587712291162461 1140
1786490928689 2.5803560288622975 1141
1786490931272 2.58155390387401 1142
1786490933855 2.581322964746505 1143
1786490936439 2.58172654081136 1144
1786490939022 2.5812202910892665 1145
1786490941605 2.5812678332440555 1146
1786490944188 2.5812237109057605 1147
1786490946772 2.5819411580450833 1148
1786490949351 2.577278454788029 1149
1786490951926 2.572760698851198 1150
1786490954499 2.5712977941147983 1151
1786490957074 2.5740016740746796 1152
1786490959658 2.581794681958854 1153
1786490962242 2.581697008572519 1154
1786490964821 2.577022866345942 1155
1786490967395 2.572618803009391 1156
1786490969974 2.57724880380556 1157
1786490972549 2.573048888705671 1158
1786490975124 2.572640602942556 1159
1786490977697 2.5716041862033308 1160
1786490980271 2.5720652928575873 1161
1786490982844 2.5710768159478903 1162
1786490985417 2.5712111010216177 1163
1786490987995 2.5759144951589406 1164
1786490990575 2.5786074651405215 1165
1786490993158 2.5803325190208852 1166
1786490995738 2.5790760722011328 1167
1786490998319 2.5787903321906924 1168
1786491000899 2.578125927131623 1169
1786491003482 2.5813284046016634 1170
1786491006078 2.593830327037722 1171
1786491008660 2.580245385877788 1172
1786491011246 2.584345656912774 1173
1786491013821 2.5728242811746895 1174
1786491016394 2.571043155156076 1175
1786491018968 2.572047941852361 1176
1786491021550 2.5804745126515627 1177
1786491024133 2.580786065198481 1178
1786491026715 2.580539645627141 1179
1786491029289 2.571943497750908 1180
1786491031864 2.573072570376098 1181
1786491034438 2.572515659034252 1182
1786491037012 2.571767041925341 1183
1786491039587 2.573721223976463 1184
1786491042162 2.5731083708815277 1185
1786491044737 2.5731596532277763 1186
1786491047313 2.573399721644819 1187
1786491049887 2.5730803408659995 1188
1786491052463 2.5739412219263613 1189
1786491055037 2.5722093381918967 1190
1786491057611 2.571786702144891 1191
1786491060185 2.572045292239636 1192
1786491062758 2.5712877842597663 1193
1786491065332 2.5718207038007677 1194
1786491067905 2.5713355750776827 1195
1786491070478 2.571309014223516 1196
1786491073053 2.572946554981172 1197
1786491075626 2.57122868206352 1198
1786491078199 2.5714098191820085 1199
1786491080772 2.5714184581302106 1200
1786491083345 2.5711562992073596 1201
1786491085918 2.5715305833145976 1202
1786491088492 2.571379556786269 1203
1786491091065 2.571285932790488 1204
1786491093638 2.571384156588465 1205
1786491096213 2.5729436352849007 1206
1786491098788 2.5731280012987554 1207
1786491101369 2.579400193877518 1208
1786491103951 2.5802046032622457 1209
1786491106532 2.579767047893256 1210
1786491109114 2.5795898311771452 1211
1786491111696 2.580432411748916 1212
1786491114278 2.5795288290828466 1213
1786491116858 2.5791107728146017 1214
1786491119440 2.5802277638576925 1215
1786491122022 2.57929814979434 1216
1786491124602 2.5790276397019625 1217
1786491127184 2.5800414476543665 1218
1786491129766 2.5803389390930533 1219
1786491132348 2.580074029043317 1220
1786491134929 2.5791578548960388 1221
1786491137512 2.5808387268334627 1222
1786491140093 2.5799378626979887 1223
1786491142674 2.5793379019014537 1224
1786491145255 2.579031100962311 1225
1786491147837 2.5793974730186164 1226
1786491150417 2.5790439913980663 1227
1786491152999 2.579529799055308 1228
1786491155580 2.5791854159906507 1229
1786491158163 2.581692879088223 1230
1786491160744 2.5793987438082695 1231
1786491163328 2.5814872812479734 1232
1786491165909 2.5797589770518243 1233
1786491168493 2.581443869974464 1234
1786491171079 2.5842493739910424 1235
1786491173663 2.58213002467528 1236
1786491176246 2.581699118949473 1237
1786491178829 2.580430912785232 1238
1786491181410 2.5794096337631345 1239
1786491183991 2.5798579696565866 1240
1786491186575 2.5819504582323134 1241
1786491189158 2.581367226783186 1242
1786491191744 2.58366467198357 1243
1786491194327 2.581488901283592 1244
1786491196909 2.5799669548869133 1245
1786491199491 2.5799416340887547 1246
1786491202072 2.5796556239947677 1247
1786491204654 2.5804215618409216 1248
1786491207236 2.579299599863589 1249
1786491209818 2.5807653050869703 1250
1786491212399 2.5793601530604064 1251
1786491214981 2.579583120997995 1252
1786491217562 2.5795904509723186 1253
1786491220143 2.579625121783465 1254
1786491222724 2.5790690924040973 1255
1786491225305 2.579481116961688 1256
1786491227887 2.5795921310782433 1257
1786491230470 2.581130017992109 1258
1786491233053 2.581868974957615 1259
1786491235635 2.5803309488110244 1260
1786491238217 2.5794399860315025 1261
1786491240798 2.5796242016367614 1262
1786491243379 2.579449656419456 1263
1786491245961 2.5793611933477223 1264
1786491248546 2.5839919741265476 1265
1786491251131 2.582952116150409 1266
1786491253718 2.5845933156087995 1267
1786491256302 2.582262279931456 1268
1786491258891 2.5871153199113905 1269
1786491261476 2.5820620330050588 1270
1786491264063 2.5847343308851123 1271
1786491266646 2.5807024822570384 1272
1786491269245 2.5974970827810466 1273
1786491271828 2.5808202968910336 1274
1786491274412 2.582540870178491 1275
1786491276996 2.5820367918349802 1276
1786491279580 2.5822716099210083 1277
1786491282163 2.5809933920390904 1278
1786491284746 2.5812304909341037 1279
1786491287329 2.5815518242307007 1280
1786491289915 2.583870930131525 1281
1786491292501 2.584528184030205 1282
1786491295090 2.586257516872138 1283
1786491297675 2.583827968221158 1284
1786491300258 2.580857787746936 1285
1786491302842 2.5817919322289526 1286
1786491305425 2.581652337219566 1287
1786491308008 2.581248431932181 1288
1786491310591 2.5810161237604916 1289
1786491313173 2.5806788909249008 1290
1786491315758 2.5826368336565793 1291
1786491318340 2.5808859490789473 1292
1786491320922 2.580522585660219 1293
1786491323505 2.5805488666519523 1294
1786491326087 2.580497194081545 1295
1786491328669 2.580291667021811 1296
1786491331251 2.580407511908561 1297
1786491333835 2.5818390040658414 1298
1786491336417 2.5805719080381095 1299
1786491338998 2.578851753845811 1300
1786491341578 2.5782364909537137 1301
1786491344158 2.5785762039013207 1302
1786491346739 2.579313150141388 1303
1786491349320 2.5789160863496363 1304
1786491351901 2.57898563798517 1305
1786491354481 2.578533180989325 1306
1786491357064 2.581550613977015 1307
1786491359645 2.578767530154437 1308
1786491362223 2.5766051411628723 1309
1786491364795 2.5706487698480487 1310
1786491367369 2.5718362340703607 1311
1786491369941 2.5708383372984827 1312
1786491372514 2.5707133621908724 1313
1786491375086 2.5708668380975723 1314
1786491377661 2.572522059082985 1315
1786491380233 2.5708957901224494 1316
1786491382806 2.5704807937145233 1317
1786491385378 2.570678281132132 1318
1786491387951 2.570737433154136 1319
1786491390523 2.5706571810878813 1320
1786491393096 2.5708752777427435 1321
1786491395668 2.5705595668405294 1322
1786491398242 2.571714888792485 1323
1786491400815 2.571841784287244 1324
1786491403388 2.570566057227552 1325
1786491405960 2.570581026840955 1326
1786491408533 2.570898379199207 1327
1786491411105 2.570624919142574 1328
1786491413678 2.570789665915072 1329
1786491416250 2.5708754691295326 1330
1786491418823 2.5711539392359555 1331
1786491421397 2.57174784084782 1332
1786491423970 2.5710231750272214 1333
1786491426542 2.570916209835559 1334
1786491429115 2.570586647838354 1335
1786491431688 2.571104537229985 1336
1786491434262 2.5726770753972232 1337
1786491436835 2.570987701881677 1338
1786491439410 2.573656522203237 1339
1786491441995 2.5822303579188883 1340
1786491444578 2.581170510035008 1341
1786491447161 2.5813350258395076 1342
1786491449744 2.5813015238381922 1343
1786491452329 2.58259545173496 1344
1786491454919 2.5883802799507976 1345
1786491457512 2.5908782752230763 1346
1786491460103 2.5890055261552334 1347
1786491462694 2.5892666559666395 1348
1786491465286 2.59027728298679 1349
1786491467877 2.5887580970302224 1350
1786491470469 2.5895618367940187 1351
1786491473062 2.590945257805288 1352
1786491475651 2.5877164187841117 1353
1786491478243 2.589704761747271 1354
1786491480834 2.5890951100736856 1355
1786491483425 2.589223084039986 1356
1786491486019 2.5921864840202034 1357
1786491488603 2.581784130074084 1358
1786491491187 2.582084910944104 1359
1786491493772 2.582920072134584 1360
1786491496355 2.5818971539847553 1361
1786491498944 2.5867403228767216 1362
1786491501526 2.5802157633006573 1363
1786491504109 2.5807821243070066 1364
1786491506691 2.580508962739259 1365
1786491509273 2.5801958609372377 1366
1786491511854 2.579725043848157 1367
1786491514437 2.5807577217929065 1368
1786491517020 2.5809384579770267 1369
1786491519602 2.580423300154507 1370
1786491522184 2.5796628021635115 1371
1786491524765 2.580046356189996 1372
1786491527348 2.580468701198697 1373
1786491529930 2.58033811673522 1374
1786491532514 2.5827167350798845 1375
1786491535096 2.5801129690371454 1376
1786491537679 2.5812722709961236 1377
1786491540261 2.5796493808738887 1378
1786491542844 2.5813277228735387 1379
1786491545428 2.582155522890389 1380
1786491548010 2.580271174199879 1381
1786491550593 2.580348936840892 1382
1786491553176 2.5817850311286747 1383
1786491555759 2.5807915539480746 1384
1786491558343 2.582021868787706 1385
1786491560924 2.579437194392085 1386
1786491563506 2.5800773268565536 1387
1786491566087 2.5795584381558 1388
1786491568669 2.579733024351299 1389
1786491571250 2.579488454852253 1390
1786491573831 2.5790669601410627 1391
1786491576413 2.5802624342031777 1392
1786491578995 2.5801494200713933 1393
1786491581576 2.5795799191109836 1394
1786491584161 2.58219282515347 1395
1786491586742 2.5797948762774467 1396
1786491589317 2.572784448042512 1397
1786491591891 2.5719655081629753 1398
1786491594464 2.5716080251149833 1399
1786491597043 2.576448863837868 1400
1786491599617 2.572185126133263 1401
1786491602190 2.5716750072315335 1402
1786491604765 2.5731905731372535 1403
1786491607340 2.573015965986997 1404
1786491609914 2.5720589822158217 1405
1786491612487 2.571699749212712 1406
1786491615069 2.5797563758678734 1407
1786491617653 2.5819099550135434 1408
1786491620235 2.58092796895653 1409
1786491622818 2.5809121378697455 1410
1786491625400 2.5806889003142715 1411
1786491627984 2.5813864460214972 1412
1786491630568 2.582867299672216 1413
1786491633152 2.58216873370111 1414
1786491635736 2.58216419396922 1415
1786491638320 2.581831581890583 1416
1786491640903 2.5817734501324594 1417
1786491643487 2.5816483851522207 1418
1786491646070 2.5813345927745104 1419
1786491648654 2.582222416996956 1420
1786491651239 2.5832755151204765 1421
1786491653822 2.581565822008997 1422
1786491656406 2.5822649779729545 1423
1786491658989 2.58078243304044 1424
1786491661573 2.5821414631791413 1425
1786491664155 2.5807706131599844 1426
1786491666737 2.5793770509772003 1427
1786491669319 2.5804044688120484 1428
1786491671902 2.581195069011301 1429
1786491674484 2.5802086209878325 1430
1786491677065 2.5796615011058748 1431
1786491679647 2.5800625663250685 1432
1786491682229 2.5796563723124564 1433
1786491684810 2.5793655612505972 1434
1786491687391 2.5794850448146462 1435
1786491689973 2.5799025809392333 1436
1786491692555 2.57997170323506 1437
1786491695138 2.581785560119897 1438
1786491697721 2.580869887024164 1439
1786491700308 2.5846629859879613 1440
1786491702894 2.584365696180612 1441
1786491705476 2.579834618140012 1442
1786491708057 2.5796901527792215 1443
1786491710639 2.5803863191977143 1444
1786491713223 2.5818024300970137 1445
1786491715806 2.581159426830709 1446
1786491718389 2.5812939321622252 1447
1786491720972 2.581256041303277 1448
1786491723555 2.5812540613114834 1449
1786491726143 2.585462064947933 1450
1786491728729 2.584276370704174 1451
1786491731312 2.581002631224692 1452
1786491733895 2.581232429947704 1453
1786491736477 2.5808880771510303 1454
1786491739059 2.580484441947192 1455
1786491741642 2.58065516827628 1456
1786491744225 2.5813139830715954 1457
1786491746808 2.5812333589419723 1458
1786491749390 2.580734291113913 1459
1786491751973 2.5810150117613375 1460
1786491754556 2.5809459392912686 1461
1786491757139 2.5810940549708903 1462
1786491759723 2.582213446032256 1463
1786491762307 2.5819231048226357 1464
1786491764890 2.581006051041186 1465
1786491767472 2.581149526871741 1466
1786491770058 2.5832787449471653 1467
1786491772640 2.580715660005808 1468
1786491775223 2.580596906132996 1469
1786491777804 2.580003943759948 1470
1786491780386 2.5794923161156476 1471
1786491782967 2.5799272409640253 1472
1786491785550 2.580549224279821 1473
1786491788132 2.5803723479621112 1474
1786491790713 2.579187643714249 1475
1786491793296 2.5811750879511237 1476
1786491795877 2.5795715181156993 1477
1786491798458 2.5794106130488217 1478
1786491801039 2.579513416159898 1479
1786491803621 2.579769615083933 1480
1786491806202 2.5793849606998265 1481
1786491808785 2.581322193145752 1482
1786491811367 2.5798314777202904 1483
1786491813948 2.579607409890741 1484
1786491816530 2.5796711021102965 1485
1786491819112 2.580656107980758 1486
1786491821695 2.5815152400173247 1487
1786491824277 2.5799241517670453 1488
1786491826860 2.5809155078604817 1489
1786491829441 2.5799940139986575 1490
1786491832023 2.579998284112662 1491
1786491834605 2.5800387249328196 1492
1786491837191 2.584361454937607 1493
1786491839774 2.5811702772043645 1494
1786491842347 2.5711857797577977 1495
1786491844920 2.570867926813662 1496
1786491847493 2.5709830708801746 1497
1786491850067 2.5727798379957676 1498
1786491852640 2.571352086029947 1499
1786491857672 2.574114036746323 1500
1786491860247 2.5731041408143938 1501
1786491862822 2.5726056708954275 1502
1786491865396 2.57249807799235 1503
1786491867970 2.5724033140577376 1504
1786491870544 2.5720965531654656 1505
1786491873119 2.5725082680583 1506
1786491875693 2.572373832575977 1507
1786491878267 2.572667393833399 1508
1786491880841 2.572408404201269 1509
1786491883416 2.5725595811381936 1510
1786491885990 2.572391753550619 1511
1786491888564 2.5725036580115557 1512
1786491891141 2.5746995992958546 1513
1786491893717 2.574453179258853 1514
1786491896294 2.5748317041434348 1515
1786491898869 2.573248124681413 1516
1786491901443 2.5725322291254997 1517
1786491904018 2.5724126249551773 1518
1786491906601 2.5817827410064638 1519
1786491909176 2.572835830040276 1520
1786491911750 2.5725401490926743 1521
1786491914326 2.5737105421721935 1522
1786491916901 2.573063408024609 1523
1786491919475 2.572902562096715 1524
1786491922054 2.576930161099881 1525
1786491924638 2.581885314080864 1526
1786491927221 2.5819570659659803 1527
1786491929805 2.5815337798558176 1528
1786491932388 2.580872496124357 1529
1786491934971 2.5818027802743018 1530
1786491937555 2.581993677187711 1531
1786491940139 2.5818535331636667 1532
1786491942722 2.5811781380325556 1533
1786491945305 2.581264699809253 1534
1786491947887 2.5809482191689312 1535
1786491950472 2.5828042780049145 1536
1786491953055 2.581373215187341 1537
1786491955637 2.5803449070081115 1538
1786491958221 2.582042509689927 1539
1786491960804 2.5805798056535423 1540
1786491963386 2.580175281036645 1541
1786491965968 2.581048262771219 1542
1786491968553 2.5826988839544356 1543
1786491971139 2.5836830199696124 1544
1786491973725 2.5848163818009198 1545
1786491976310 2.5824195239692926 1546
1786491978893 2.5815195799805224 1547
1786491981477 2.5818577432073653 1548
1786491984062 2.5835131239145994 1549
1786491986648 2.5837042913772166 1550
1786491989233 2.5833152467384934 1551
1786491991818 2.5830607069656253 1552
1786491994401 2.58133257413283 1553
1786491996986 2.5838084551505744 1554
1786491999573 2.584127646870911 1555
1786492002156 2.5820632306858897 1556
1786492004739 2.580957130063325 1557
1786492007322 2.580597816966474 1558
1786492009904 2.580626897048205 1559
1786492012487 2.581215438898653 1560
1786492015070 2.580921518150717 1561
1786492017653 2.5816589649766684 1562
1786492020236 2.5805928758345544 1563
1786492022820 2.5825640386901796 1564
1786492025403 2.5807536421343684 1565
1786492027986 2.5819120137020946 1566
1786492030569 2.581065214239061 1567
1786492033152 2.581198069266975 1568
1786492035734 2.580313535872847 1569
1786492038316 2.580328145995736 1570
1786492040899 2.5808436847291887 1571
1786492043483 2.581531341187656 1572
1786492046065 2.5808562859892845 1573
1786492048649 2.5817540688440204 1574
1786492051232 2.5818869839422405 1575
1786492053818 2.5839281789958477 1576
1786492056403 2.582781847100705 1577
1786492058987 2.5820305780507624 1578
1786492061570 2.581039612647146 1579
1786492064152 2.5803784588351846 1580
1786492066734 2.5801054486073554 1581
1786492069316 2.5805777553468943 1582
1786492071899 2.5810442930087447 1583
1786492074481 2.580810164101422 1584
1786492077064 2.580390028655529 1585
1786492079646 2.5806201668456197 1586
1786492082229 2.5808626068755984 1587
1786492084811 2.5805403240956366 1588
1786492087394 2.5817378680221736 1589
1786492089978 2.5814406177960336 1590
1786492092560 2.5807775533758104 1591
1786492095143 2.5806165067479014 1592
1786492097724 2.5800546160899103 1593
1786492100306 2.58027241518721 1594
1786492102890 2.581499869003892 1595
1786492105474 2.582086960785091 1596
1786492108057 2.582192064728588 1597
1786492110641 2.582210225984454 1598
1786492113225 2.5820966018363833 1599
1786492115809 2.581796061247587 1600
1786492118393 2.5826676031574607 1601
1786492120980 2.584658265579492 1602
1786492123567 2.585360342171043 1603
1786492126148 2.5791179412044585 1604
1786492128730 2.580288334749639 1605
1786492131313 2.581160767003894 1606
1786492133900 2.5852151857689023 1607
1786492136486 2.5835870462469757 1608
1786492139071 2.5834606820717454 1609
1786492141656 2.583473801612854 1610
1786492144241 2.583162090741098 1611
1786492146828 2.5851460439153016 1612
1786492149411 2.581109656020999 1613
1786492151995 2.581568341702223 1614
1786492154580 2.584001491777599 1615
1786492157164 2.5822016349993646 1616
1786492159748 2.5819827476516366 1617
1786492162331 2.581418707035482 1618
1786492164915 2.581787010189146 1619
1786492167498 2.5814951499924064 1620
1786492170081 2.5813442040234804 1621
1786492172665 2.581746658310294 1622
1786492175249 2.582348661031574 1623
1786492177833 2.582550519146025 1624
1786492180417 2.581614352762699 1625
1786492183001 2.5827126940712333 1626
1786492185585 2.58171655703336 1627
1786492188169 2.582470315042883 1628
1786492190753 2.581870973110199 1629
1786492193338 2.5835020537488163 1630
1786492195928 2.5881299041211605 1631
1786492198514 2.583796874154359 1632
1786492201097 2.5816526049748063 1633
1786492203680 2.5807465319521725 1634
1786492206262 2.5807401910424232 1635
1786492208846 2.58153208065778 1636
1786492211428 2.5804272699169815 1637
1786492214011 2.5809139478951693 1638
1786492216592 2.5800033039413393 1639
1786492219176 2.5818561329506338 1640
1786492221759 2.581475597806275 1641
1786492224343 2.5818641828373075 1642
1786492226928 2.583321886137128 1643
1786492229512 2.582091320771724 1644
1786492232095 2.581693836953491 1645
1786492234679 2.5821776539087296 1646
1786492237263 2.5817164769396186 1647
1786492239847 2.5820698509924114 1648
1786492242430 2.581835581921041 1649
1786492245014 2.582162423990667 1650
1786492247598 2.582287459168583 1651
1786492250186 2.5854843468405306 1652
1786492252772 2.5846120649948716 1653
1786492255348 2.5743829770945013 1654
1786492257924 2.573538615833968 1655
1786492260498 2.5730017158202827 1656
1786492263073 2.572782678063959 1657
1786492265648 2.5727076358161867 1658
1786492268225 2.5751215242780745 1659
1786492270808 2.5812648311257362 1660
1786492273391 2.581823911052197 1661
1786492275975 2.5816849255934358 1662
1786492278562 2.5849817683920264 1663
1786492281146 2.5826599220745265 1664
1786492283730 2.582383002154529 1665
1786492286317 2.584292653016746 1666
1786492288902 2.583395558875054 1667
1786492291487 2.5834796419367194 1668
1786492294071 2.5822272966615856 1669
1786492296656 2.5824860357679427 1670
1786492299240 2.5827246350236237 1671
1786492301825 2.5828852308914065 1672
1786492304409 2.582549219019711 1673
1786492306993 2.5822926592081785 1674
1786492309578 2.5827755271457136 1675
1786492312166 2.5865748561918736 1676
1786492314751 2.5825171167962253 1677
1786492317337 2.5843336740508676 1678
1786492319921 2.5824042726308107 1679
1786492322507 2.58398080104962 1680
1786492325092 2.582963072694838 1681
1786492327676 2.5826132306829095 1682
1786492330260 2.582218626048416 1683
1786492332844 2.5821662838570774 1684
1786492335423 2.5768982502631843 1685
1786492337997 2.57250380795449 1686
1786492340572 2.5729044917970896 1687
1786492343146 2.57249896787107 1688
1786492345721 2.5726545830257237 1689
1786492348295 2.572872160933912 1690
1786492350871 2.573799705132842 1691
1786492353447 2.574022073764354 1692
1786492356023 2.5734741440974176 1693
1786492358599 2.574184559751302 1694
1786492361173 2.5722546176984906 1695
1786492363747 2.5725903608836234 1696
1786492366321 2.572093811817467 1697
1786492368895 2.5724558159708977 1698
1786492371470 2.572793618775904 1699
1786492374045 2.5726502728648484 1700
1786492376619 2.572186845820397 1701
1786492379193 2.5723967840895057 1702
1786492381767 2.5721588050946593 1703
1786492384342 2.5734797343611717 1704
1786492386917 2.57269992493093 1705
1786492389491 2.5722064073197544 1706
1786492392065 2.572373182978481 1707
1786492394639 2.572398813907057 1708
1786492397214 2.5734484931454062 1709
1786492399788 2.5720344707369804 1710
1786492402362 2.572209226898849 1711
1786492404936 2.572357492055744 1712
1786492407510 2.572258898988366 1713
1786492410085 2.57247445685789 1714
1786492412659 2.572693035006523 1715
1786492415236 2.575114453677088 1716
1786492417811 2.572903713211417 1717
1786492420385 2.5720586120150983 1718
1786492422959 2.5728259198367596 1719
1786492425534 2.5723895742557943 1720
1786492428108 2.5722149671055377 1721
1786492430682 2.572729016188532 1722
1786492433258 2.5742217819206417 1723
1786492435834 2.573511515278369 1724
1786492438408 2.57282735966146 1725
1786492440982 2.5723199010826647 1726
1786492443556 2.5721373949199915 1727
1786492446131 2.5725104780867696 1728
1786492448706 2.5732992477715015 1729
1786492451280 2.572438425850123 1730
1786492453854 2.57240780396387 1731
1786492456428 2.5721181430853903 1732
1786492459006 2.5755770220421255 1733
1786492461579 2.5720731331966817 1734
1786492464154 2.572280529886484 1735
1786492466729 2.573361659888178 1736
1786492469303 2.5725961620919406 1737
1786492471877 2.571930166799575 1738
1786492474451 2.572491826955229 1739
1786492477025 2.572355043143034 1740
1786492479607 2.580171091016382 1741
1786492482191 2.5816478449851274 1742
1786492484773 2.5800512158311903 1743
1786492487355 2.5804408211261034 1744
1786492489937 2.580557615030557 1745
1786492492523 2.584447827655822 1746
1786492495107 2.5818753940984607 1747
1786492497690 2.58138718502596 1748
1786492500274 2.5813297238200903 1749
1786492502856 2.581054742913693 1750
1786492505440 2.5817063678987324 1751
1786492508024 2.5819513858295977 1752
1786492510606 2.580788272898644 1753
1786492513191 2.5829698238521814 1754
1786492515777 2.5840114522725344 1755
1786492518363 2.5835888870060444 1756
1786492520947 2.5828332691453397 1757
1786492523532 2.5830191457644105 1758
1786492526117 2.583241432905197 1759
1786492528702 2.5830632471479475 1760
1786492531290 2.5858997623436153 1761
1786492533875 2.58358923625201 1762
1786492536460 2.583015736192465 1763
1786492539045 2.5829089409671724 1764
1786492541629 2.5824268739670515 1765
1786492544215 2.5837189219892025 1766
1786492546806 2.5891027390025556 1767
1786492549389 2.580872107297182 1768
1786492551973 2.5821554139256477 1769
1786492554556 2.5811588568612933 1770
1786492557140 2.582629251293838 1771
1786492559724 2.5816722461022437 1772
1786492562301 2.575006370898336 1773
1786492564878 2.575300771277398 1774
1786492567454 2.5742339710704982 1775
1786492570030 2.573687221854925 1776
1786492572605 2.5737287728115916 1777
1786492575181 2.5736675010994077 1778
1786492577762 2.5795920393429697 1779
1786492580354 2.5896194986999035 1780
1786492582937 2.5819259150885046 1781
1786492585521 2.581719637848437 1782
1786492588104 2.5809328388422728 1783
1786492590688 2.5820514298975468 1784
1786492593271 2.5821197628974915 1785
1786492595850 2.5770439747720957 1786
1786492598424 2.5723608629778028 1787
1786492600999 2.572320392355323 1788
1786492603573 2.5723008099012077 1789
1786492606148 2.573523246217519 1790
1786492608722 2.5722015472128987 1791
1786492611296 2.5723766228184104 1792
1786492613872 2.5737218321301043 1793
1786492616446 2.5719185061752796 1794
1786492619020 2.572426564991474 1795
1786492621594 2.5725104082375765 1796
1786492624168 2.5722697097808123 1797
1786492626742 2.572596052195877 1798
1786492629318 2.5732979769818485 1799
1786492631893 2.5731996740214527 1800
1786492634470 2.5751388049684465 1801
1786492637045 2.5731852832250297 1802
1786492639619 2.5727281658910215 1803
1786492642194 2.573251236230135 1804
1786492644770 2.574212591163814 1805
1786492647348 2.5758452811278403 1806
1786492649923 2.572995665948838 1807
1786492652498 2.5729412641376257 1808
1786492655072 2.572771488223225 1809
1786492657646 2.572511018719524 1810
1786492660221 2.572614091914147 1811
1786492662795 2.5728581906296313 1812
1786492665370 2.572720365598798 1813
1786492667944 2.5726451026275754 1814
1786492670519 2.5727199758403003 1815
1786492673094 2.5736500499770045 1816
1786492675669 2.5729023730382323 1817
1786492678246 2.5749621177092195 1818
1786492680820 2.572882612235844 1819
1786492683395 2.5729347141459584 1820
1786492685970 2.5727477967739105 1821
1786492688544 2.572721346281469 1822
1786492691119 2.572935382835567 1823
1786492693704 2.582823229022324 1824
1786492696292 2.5868518073111773 1825
1786492698877 2.582385061774403 1826
1786492701461 2.5821977560408413 1827
1786492704046 2.583714220672846 1828
1786492706632 2.583685589954257 1829
1786492709220 2.5861708619631827 1830
1786492711805 2.583397210109979 1831
1786492714390 2.583491633180529 1832
1786492716975 2.58340458991006 1833
1786492719561 2.583591617178172 1834
1786492722146 2.583433201070875 1835
1786492724732 2.583644858095795 1836
1786492727316 2.5826702429912984 1837
1786492729900 2.5826070900075138 1838
1786492732486 2.583201072178781 1839
1786492735071 2.5835225940681994 1840
1786492737656 2.582854128908366 1841
1786492740242 2.5842403010465205 1842
1786492742827 2.5837533827871084 1843
1786492745413 2.5837265718728304 1844
1786492747999 2.584073823876679 1845
1786492750584 2.5830103550106287 1846
1786492753169 2.58381598489359 1847
1786492755755 2.583570885937661 1848
1786492758339 2.582829399034381 1849
1786492760924 2.5830288659781218 1850
1786492763509 2.5834428910166025 1851
1786492766094 2.5831256401725113 1852
1786492768680 2.583619548007846 1853
1786492771264 2.5827293349429965 1854
1786492773850 2.5836891308426857 1855
1786492776435 2.5837150318548083 1856
1786492779020 2.583003854844719 1857
1786492781604 2.5826493720524013 1858
1786492784189 2.58250665711239 1859
1786492786774 2.583229132927954 1860
1786492789358 2.58262703102082 1861
1786492791943 2.5829610032960773 1862
1786492794531 2.5859549241140485 1863
1786492797119 2.5863976501859725 1864
1786492799705 2.5837697330862284 1865
1786492802290 2.5834960229694843 1866
1786492804876 2.5841291160322726 1867
1786492807473 2.5949213840067387 1868
1786492810059 2.584350464399904 1869
1786492812644 2.583789804019034 1870
1786492815230 2.5837731729261577 1871
1786492817815 2.58346308209002 1872
1786492820400 2.5833687377162278 1873
1786492822986 2.5839533298276365 1874
1786492825571 2.5828345487825572 1875
1786492828154 2.581632704939693 1876
1786492830737 2.5808048737235367 1877
1786492833320 2.5812926120124757 1878
1786492835903 2.5816785669885576 1879
1786492838486 2.58132538292557 1880
1786492841070 2.5816759658046067 1881
1786492843653 2.5816138642840087 1882
1786492846236 2.5811295961029828 1883
1786492848819 2.5816048928536475 1884
1786492851403 2.5821690442971885 1885
1786492853988 2.582652462180704 1886
1786492856571 2.5811451161280274 1887
1786492859154 2.5811033248901367 1888
1786492861736 2.580558444838971 1889
1786492864319 2.581453417893499 1890
1786492866902 2.5810715137049556 1891
1786492869485 2.581101414747536 1892
1786492872067 2.580077077727765 1893
1786492874650 2.582188165280968 1894
1786492877233 2.58048098301515 1895
1786492879815 2.5803434271365404 1896
1786492882397 2.5808533262461424 1897
1786492884980 2.5806616391055286 1898
1786492887562 2.580693050287664 1899
1786492890145 2.5815209397114813 1900
1786492892728 2.5807300312444568 1901
1786492895311 2.580900227651 1902
1786492897896 2.5836196369491518 1903
1786492900480 2.5823281798511744 1904
1786492903065 2.5826269323006272 1905
1786492905651 2.584029713179916 1906
1786492908238 2.585515026934445 1907
1786492910827 2.586894038133323 1908
1786492913413 2.5846569458954036 1909
1786492916000 2.5851285932585597 1910
1786492918586 2.5838526068255305 1911
1786492921170 2.582388882059604 1912
1786492923756 2.584309073165059 1913
1786492926341 2.582441945094615 1914
1786492928926 2.5834900932386518 1915
1786492931510 2.582444224972278 1916
1786492934095 2.5827427050098777 1917
1786492936680 2.583185411989689 1918
1786492939266 2.583783204201609 1919
1786492941851 2.5835723360069096 1920
1786492944436 2.582736724987626 1921
1786492947021 2.583164810668677 1922
1786492949606 2.5832969760522246 1923
1786492952191 2.582980393897742 1924
1786492954775 2.582636042032391 1925
1786492957360 2.5830193059518933 1926
1786492959945 2.583345937076956 1927
1786492962530 2.582922462373972 1928
1786492965114 2.582632490899414 1929
1786492967699 2.583018324803561 1930
1786492970285 2.584110006224364 1931
1786492972877 2.5897568040527403 1932
1786492975462 2.583090797998011 1933
1786492978045 2.5818519028835 1934
1786492980629 2.581988307647407 1935
1786492983213 2.5822992590256035 1936
1786492985801 2.58631843701005 1937
1786492988386 2.5830196449533105 1938
1786492990971 2.5830826880410314 1939
1786492993556 2.5827302848920226 1940
1786492996142 2.5841685282066464 1941
1786492998726 2.582468986045569 1942
1786493001314 2.5862628649920225 1943
1786493003898 2.582018569111824 1944
1786493006483 2.5835465849377215 1945
1786493009067 2.582097171805799 1946
1786493011653 2.583610476925969 1947
1786493014237 2.582492587156594 1948
1786493016821 2.582040950190276 1949
1786493019405 2.582401213236153 1950
1786493021990 2.58272040495649 1951
1786493024574 2.582663683220744 1952
1786493027159 2.5827851369976997 1953
1786493029744 2.5828142683021724 1954
1786493032329 2.5832788650877774 1955
1786493034914 2.583759223110974 1956
1786493037500 2.5836515692062676 1957
1786493040087 2.5849804379977286 1958
1786493042671 2.582729825284332 1959
1786493045257 2.5835539647378027 1960
1786493047842 2.5830798079259694 1961
1786493050426 2.5826499820686877 1962
1786493053011 2.5829766439273953 1963
1786493055596 2.58326852414757 1964
1786493058181 2.582651602104306 1965
1786493060765 2.5828419593162835 1966
1786493063351 2.5837103710509837 1967
1786493065936 2.5829121619462967 1968
1786493068520 2.5826055300422013 1969
1786493071106 2.5841332371346653 1970
1786493073691 2.582941592205316 1971
1786493076277 2.5839671911671758 1972
1786493078861 2.582646982278675 1973
1786493081446 2.5828434601426125 1974
1786493084031 2.5829426129348576 1975
1786493086615 2.582965353038162 1976
1786493089201 2.583418119698763 1977
1786493091787 2.5842539207078516 1978
1786493094372 2.5835061729885638 1979
1786493096957 2.583277895115316 1980
1786493099542 2.5828119479119778 1981
1786493102126 2.582482336089015 1982
1786493104712 2.583557514939457 1983
1786493107297 2.5835060733370483 1984
1786493109881 2.5820892709307373 1985
1786493112465 2.582612130790949 1986
1786493115050 2.58273034542799 1987
1786493117637 2.583198362030089 1988
1786493120221 2.581878633238375 1989
1786493122805 2.582251447252929 1990
1786493125389 2.5820164689794183 1991
1786493127973 2.5825892598368227 1992
1786493130557 2.5823096386156976 1993
1786493133141 2.581873713992536 1994
1786493135725 2.582680752966553 1995
1786493138312 2.585190685931593 1996
1786493140898 2.5834449608810246 1997
1786493143484 2.583989341277629 1998
1786493146067 2.5819455753080547 1999
