1786487967578 131072.0 0
1786487970157 262144.0 1
1786487972732 393216.0 2
1786487975306 524288.0 3
1786487977880 655360.0 4
1786487980455 786432.0 5
1786487983032 917504.0 6
1786487985629 1048576.0 7
1786487988206 1179648.0 8
1786487990783 1310720.0 9
1786487993363 1441792.0 10
1786487995941 1572864.0 11
1786487998517 1703936.0 12
1786488001096 1835008.0 13
1786488003675 1966080.0 14
1786488006255 2097152.0 15
1786488008837 2228224.0 16
1786488011419 2359296.0 17
1786488014008 2490368.0 18
1786488016594 2621440.0 19
1786488019184 2752512.0 20
1786488021774 2883584.0 21
1786488024355 3014656.0 22
1786488026935 3145728.0 23
1786488029515 3276800.0 24
1786488032095 3407872.0 25
1786488034674 3538944.0 26
1786488037255 3670016.0 27
1786488039835 3801088.0 28
1786488042418 3932160.0 29
1786488045012 4063232.0 30
1786488047595 4194304.0 31
1786488050181 4325376.0 32
1786488052762 4456448.0 33
1786488055348 4587520.0 34
1786488057932 4718592.0 35
1786488060519 4849664.0 36
1786488063106 4980736.0 37
1786488065691 5111808.0 38
1786488068273 5242880.0 39
1786488070854 5373952.0 40
1786488073437 5505024.0 41
1786488076022 5636096.0 42
1786488078607 5767168.0 43
1786488081196 5898240.0 44
1786488083781 6029312.0 45
1786488086371 6160384.0 46
1786488088962 6291456.0 47
1786488091545 6422528.0 48
1786488094127 6553600.0 49
1786488096710 6684672.0 50
1786488099294 6815744.0 51
1786488101878 6946816.0 52
1786488104458 7077888.0 53
1786488107037 7208960.0 54
1786488109622 7340032.0 55
1786488112208 7471104.0 56
1786488114797 7602176.0 57
1786488117386 7733248.0 58
1786488119980 7864320.0 59
1786488122567 7995392.0 60
1786488125151 8126464.0 61
1786488127732 8257536.0 62
1786488130313 8388608.0 63
1786488132896 8519680.0 64
1786488135479 8650752.0 65
1786488138062 8781824.0 66
1786488140646 8912896.0 67
1786488143231 9043968.0 68
1786488145815 9175040.0 69
1786488148404 9306112.0 70
1786488150997 9437184.0 71
1786488153591 9568256.0 72
1786488156172 9699328.0 73
1786488158760 9830400.0 74
1786488161341 9961472.0 75
1786488163923 10092544.0 76
1786488166505 10223616.0 77
1786488169088 10354688.0 78
1786488171676 10485760.0 79
1786488174258 10616832.0 80
1786488176839 10747904.0 81
1786488179423 10878976.0 82
1786488182008 11010048.0 83
1786488184592 11141120.0 84
1786488187178 11272192.0 85
1786488189760 11403264.0 86
1786488192341 11534336.0 87
1786488194922 11665408.0 88
1786488197502 11796480.0 89
1786488200080 11927552.0 90
1786488202659 12058624.0 91
1786488205239 12189696.0 92
1786488207818 12320768.0 93
1786488210402 12451840.0 94
1786488212984 12582912.0 95
1786488215566 12713984.0 96
1786488218144 12845056.0 97
1786488220723 12976128.0 98
1786488223304 13107200.0 99
1786488225887 13238272.0 100
1786488228475 13369344.0 101
1786488231063 13500416.0 102
1786488233647 13631488.0 103
1786488236231 13762560.0 104
1786488238814 13893632.0 105
1786488241398 14024704.0 106
1786488243979 14155776.0 107
1786488246569 14286848.0 108
1786488249154 14417920.0 109
1786488251737 14548992.0 110
1786488254320 14680064.0 111
1786488256903 14811136.0 112
1786488259479 14942208.0 113
1786488262057 15073280.0 114
1786488264630 15204352.0 115
1786488267216 15335424.0 116
1786488269797 15466496.0 117
1786488272376 15597568.0 118
1786488274957 15728640.0 119
1786488277537 15859712.0 120
1786488280118 15990784.0 121
1786488282702 16121856.0 122
1786488285286 16252928.0 123
1786488287867 16384000.0 124
1786488290448 16515072.0 125
1786488293031 16646144.0 126
1786488295613 16777216.0 127
1786488298195 16908288.0 128
1786488300775 17039360.0 129
1786488303360 17170432.0 130
1786488305954 17301504.0 131
1786488308537 17432576.0 132
1786488311119 17563648.0 133
1786488313702 17694720.0 134
1786488316282 17825792.0 135
1786488318863 17956864.0 136
1786488321444 18087936.0 137
1786488324025 18219008.0 138
1786488326607 18350080.0 139
1786488329190 18481152.0 140
1786488331774 18612224.0 141
1786488334358 18743296.0 142
1786488336943 18874368.0 143
1786488339529 19005440.0 144
1786488342112 19136512.0 145
1786488344695 19267584.0 146
1786488347275 19398656.0 147
1786488349858 19529728.0 148
1786488352441 19660800.0 149
1786488355025 19791872.0 150
1786488357607 19922944.0 151
1786488360188 20054016.0 152
1786488362770 20185088.0 153
1786488365353 20316160.0 154
1786488367939 20447232.0 155
1786488370526 20578304.0 156
1786488373110 20709376.0 157
1786488375696 20840448.0 158
1786488378280 20971520.0 159
1786488380860 21102592.0 160
1786488383442 21233664.0 161
1786488386024 21364736.0 162
1786488388608 21495808.0 163
1786488391188 21626880.0 164
1786488393768 21757952.0 165
1786488396348 21889024.0 166
1786488398934 22020096.0 167
1786488401516 22151168.0 168
1786488404100 22282240.0 169
1786488406684 22413312.0 170
1786488409266 22544384.0 171
1786488411845 22675456.0 172
1786488414428 22806528.0 173
1786488417014 22937600.0 174
1786488419597 23068672.0 175
1786488422177 23199744.0 176
1786488424759 23330816.0 177
1786488427340 23461888.0 178
1786488429921 23592960.0 179
1786488432500 23724032.0 180
1786488435080 23855104.0 181
1786488437661 23986176.0 182
1786488440243 24117248.0 183
1786488442826 24248320.0 184
1786488445413 24379392.0 185
1786488447999 24510464.0 186
1786488450587 24641536.0 187
1786488453196 24772608.0 188
1786488455778 24903680.0 189
1786488458363 25034752.0 190
1786488460946 25165824.0 191
1786488463530 25296896.0 192
1786488466112 25427968.0 193
1786488468696 25559040.0 194
1786488471278 25690112.0 195
1786488473863 25821184.0 196
1786488476445 25952256.0 197
1786488479034 26083328.0 198
1786488481617 26214400.0 199
1786488484190 26345472.0 200
1786488486765 26476544.0 201
1786488489341 26607616.0 202
1786488491922 26738688.0 203
1786488494504 26869760.0 204
1786488497086 27000832.0 205
1786488499668 27131904.0 206
1786488502249 27262976.0 207
1786488504833 27394048.0 208
1786488507414 27525120.0 209
1786488509991 27656192.0 210
1786488512574 27787264.0 211
1786488515156 27918336.0 212
1786488517742 28049408.0 213
1786488520331 28180480.0 214
1786488522919 28311552.0 215
1786488525514 28442624.0 216
1786488528104 28573696.0 217
1786488530690 28704768.0 218
1786488533284 28835840.0 219
1786488535868 28966912.0 220
1786488538454 29097984.0 221
1786488541040 29229056.0 222
1786488543632 29360128.0 223
1786488546220 29491200.0 224
1786488548804 29622272.0 225
1786488551393 29753344.0 226
1786488553978 29884416.0 227
1786488556559 30015488.0 228
1786488559142 30146560.0 229
1786488561726 30277632.0 230
1786488564310 30408704.0 231
1786488566893 30539776.0 232
1786488569478 30670848.0 233
1786488572060 30801920.0 234
1786488574645 30932992.0 235
1786488577226 31064064.0 236
1786488579806 31195136.0 237
1786488582386 31326208.0 238
1786488584966 31457280.0 239
1786488587551 31588352.0 240
1786488590135 31719424.0 241
1786488592718 31850496.0 242
1786488595306 31981568.0 243
1786488597893 32112640.0 244
1786488600486 32243712.0 245
1786488603075 32374784.0 246
1786488605662 32505856.0 247
1786488608256 32636928.0 248
1786488610838 32768000.0 249
1786488613420 32899072.0 250
1786488616014 33030144.0 251
1786488618594 33161216.0 252
1786488621181 33292288.0 253
1786488623773 33423360.0 254
1786488626354 33554432.0 255
1786488628938 33685504.0 256
1786488631530 33816576.0 257
1786488634117 33947648.0 258
1786488636702 34078720.0 259
1786488639294 34209792.0 260
1786488641878 34340864.0 261
1786488644465 34471936.0 262
1786488647049 34603008.0 263
1786488649639 34734080.0 264
1786488652238 34865152.0 265
1786488654829 34996224.0 266
1786488657411 35127296.0 267
1786488660003 35258368.0 268
1786488662587 35389440.0 269
1786488665176 35520512.0 270
1786488667766 35651584.0 271
1786488670349 35782656.0 272
1786488672939 35913728.0 273
1786488675532 36044800.0 274
1786488678129 36175872.0 275
1786488680716 36306944.0 276
1786488683310 36438016.0 277
1786488685900 36569088.0 278
1786488688483 36700160.0 279
1786488691067 36831232.0 280
1786488693658 36962304.0 281
1786488696243 37093376.0 282
1786488698826 37224448.0 283
1786488701420 37355520.0 284
1786488704002 37486592.0 285
1786488706588 37617664.0 286
1786488709180 37748736.0 287
1786488711772 37879808.0 288
1786488714355 38010880.0 289
1786488716942 38141952.0 290
1786488719531 38273024.0 291
1786488722112 38404096.0 292
1786488724695 38535168.0 293
1786488727279 38666240.0 294
1786488729866 38797312.0 295
1786488732462 38928384.0 296
1786488735048 39059456.0 297
1786488737632 39190528.0 298
1786488740214 39321600.0 299
1786488742805 39452672.0 300
1786488745388 39583744.0 301
1786488747969 39714816.0 302
1786488750557 39845888.0 303
1786488753141 39976960.0 304
1786488755724 40108032.0 305
1786488758307 40239104.0 306
1786488760889 40370176.0 307
1786488763472 40501248.0 308
1786488766056 40632320.0 309
1786488768640 40763392.0 310
1786488771227 40894464.0 311
1786488773819 41025536.0 312
1786488776400 41156608.0 313
1786488778985 41287680.0 314
1786488781571 41418752.0 315
1786488784154 41549824.0 316
1786488786741 41680896.0 317
1786488789324 41811968.0 318
1786488791908 41943040.0 319
1786488794495 42074112.0 320
1786488797080 42205184.0 321
1786488799662 42336256.0 322
1786488802238 42467328.0 323
1786488804810 42598400.0 324
1786488807382 42729472.0 325
1786488809956 42860544.0 326
1786488812538 42991616.0 327
1786488815113 43122688.0 328
1786488817696 43253760.0 329
1786488820273 43384832.0 330
1786488822849 43515904.0 331
1786488825423 43646976.0 332
1786488828004 43778048.0 333
1786488830596 43909120.0 334
1786488833178 44040192.0 335
1786488835770 44171264.0 336
1786488838350 44302336.0 337
1786488840932 44433408.0 338
1786488843519 44564480.0 339
1786488846105 44695552.0 340
1786488848689 44826624.0 341
1786488851270 44957696.0 342
1786488853853 45088768.0 343
1786488856438 45219840.0 344
1786488859025 45350912.0 345
1786488861605 45481984.0 346
1786488864194 45613056.0 347
1786488866779 45744128.0 348
1786488869368 45875200.0 349
1786488871946 46006272.0 350
1786488874522 46137344.0 351
1786488877097 46268416.0 352
1786488879679 46399488.0 353
1786488882262 46530560.0 354
1786488884844 46661632.0 355
1786488887424 46792704.0 356
1786488890004 46923776.0 357
1786488892584 47054848.0 358
1786488895164 47185920.0 359
1786488897746 47316992.0 360
1786488900328 47448064.0 361
1786488902910 47579136.0 362
1786488905492 47710208.0 363
1786488908074 47841280.0 364
1786488910662 47972352.0 365
1786488913247 48103424.0 366
1786488915831 48234496.0 367
1786488918413 48365568.0 368
1786488920998 48496640.0 369
1786488923584 48627712.0 370
1786488926166 48758784.0 371
1786488928749 48889856.0 372
1786488931330 49020928.0 373
1786488933912 49152000.0 374
1786488936494 49283072.0 375
1786488939076 49414144.0 376
1786488941658 49545216.0 377
1786488944241 49676288.0 378
1786488946823 49807360.0 379
1786488949405 49938432.0 380
1786488951986 50069504.0 381
1786488954568 50200576.0 382
1786488957152 50331648.0 383
1786488959736 50462720.0 384
1786488962317 50593792.0 385
1786488964899 50724864.0 386
1786488967481 50855936.0 387
1786488970063 50987008.0 388
1786488972645 51118080.0 389
1786488975228 51249152.0 390
1786488977811 51380224.0 391
1786488980393 51511296.0 392
1786488982975 51642368.0 393
1786488985557 51773440.0 394
1786488988139 51904512.0 395
1786488990721 52035584.0 396
1786488993302 52166656.0 397
1786488995884 52297728.0 398
1786488998467 52428800.0 399
1786489001051 52559872.0 400
1786489003633 52690944.0 401
1786489006215 52822016.0 402
1786489008797 52953088.0 403
1786489011381 53084160.0 404
1786489013963 53215232.0 405
1786489016544 53346304.0 406
1786489019126 53477376.0 407
1786489021708 53608448.0 408
1786489024291 53739520.0 409
1786489026874 53870592.0 410
1786489029459 54001664.0 411
1786489032041 54132736.0 412
1786489034623 54263808.0 413
1786489037205 54394880.0 414
1786489039787 54525952.0 415
1786489042371 54657024.0 416
1786489044954 54788096.0 417
1786489047537 54919168.0 418
1786489050119 55050240.0 419
1786489052702 55181312.0 420
1786489055284 55312384.0 421
1786489057866 55443456.0 422
1786489060447 55574528.0 423
1786489063029 55705600.0 424
1786489065611 55836672.0 425
1786489068193 55967744.0 426
1786489070775 56098816.0 427
1786489073357 56229888.0 428
1786489075940 56360960.0 429
1786489078522 56492032.0 430
1786489081105 56623104.0 431
1786489083687 56754176.0 432
1786489086269 56885248.0 433
1786489088851 57016320.0 434
1786489091433 57147392.0 435
1786489094016 57278464.0 436
1786489096598 57409536.0 437
1786489099183 57540608.0 438
1786489101767 57671680.0 439
1786489104351 57802752.0 440
1786489106934 57933824.0 441
1786489109518 58064896.0 442
1786489112102 58195968.0 443
1786489114691 58327040.0 444
1786489117276 58458112.0 445
1786489119861 58589184.0 446
1786489122448 58720256.0 447
1786489125034 58851328.0 448
1786489127618 58982400.0 449
1786489130203 59113472.0 450
1786489132789 59244544.0 451
1786489135377 59375616.0 452
1786489137950 59506688.0 453
1786489140522 59637760.0 454
1786489143098 59768832.0 455
1786489145672 59899904.0 456
1786489148246 60030976.0 457
1786489150820 60162048.0 458
1786489153394 60293120.0 459
1786489155967 60424192.0 460
1786489158540 60555264.0 461
1786489161114 60686336.0 462
1786489163687 60817408.0 463
1786489166260 60948480.0 464
1786489168834 61079552.0 465
1786489171408 61210624.0 466
1786489173983 61341696.0 467
1786489176558 61472768.0 468
1786489179131 61603840.0 469
1786489181704 61734912.0 470
1786489184277 61865984.0 471
1786489186850 61997056.0 472
1786489189425 62128128.0 473
1786489191999 62259200.0 474
1786489194573 62390272.0 475
1786489197146 62521344.0 476
1786489199718 62652416.0 477
1786489202293 62783488.0 478
1786489204865 62914560.0 479
1786489207451 63045632.0 480
1786489210023 63176704.0 481
1786489212596 63307776.0 482
1786489215171 63438848.0 483
1786489217744 63569920.0 484
1786489220317 63700992.0 485
1786489222891 63832064.0 486
1786489225465 63963136.0 487
1786489228039 64094208.0 488
1786489230611 64225280.0 489
1786489233186 64356352.0 490
1786489235760 64487424.0 491
1786489238334 64618496.0 492
1786489240908 64749568.0 493
1786489243484 64880640.0 494
1786489246058 65011712.0 495
1786489248632 65142784.0 496
1786489251206 65273856.0 497
1786489253786 65404928.0 498
1786489256368 65536000.0 499
1786489267802 65667072.0 500
1786489270391 65798144.0 501
1786489272973 65929216.0 502
1786489275554 66060288.0 503
1786489278135 66191360.0 504
1786489280717 66322432.0 505
1786489283299 66453504.0 506
1786489285882 66584576.0 507
1786489288466 66715648.0 508
1786489291049 66846720.0 509
1786489293634 66977792.0 510
1786489296217 67108864.0 511
1786489298802 67239936.0 512
1786489301388 67371008.0 513
1786489303979 67502080.0 514
1786489306564 67633152.0 515
1786489309148 67764224.0 516
1786489311732 67895296.0 517
1786489314317 68026368.0 518
1786489316902 68157440.0 519
1786489319488 68288512.0 520
1786489322071 68419584.0 521
1786489324654 68550656.0 522
1786489327238 68681728.0 523
1786489329821 68812800.0 524
1786489332404 68943872.0 525
1786489334989 69074944.0 526
1786489337576 69206016.0 527
1786489340160 69337088.0 528
1786489342743 69468160.0 529
1786489345327 69599232.0 530
1786489347910 69730304.0 531
1786489350494 69861376.0 532
1786489353077 69992448.0 533
1786489355661 70123520.0 534
1786489358244 70254592.0 535
1786489360827 70385664.0 536
1786489363410 70516736.0 537
1786489365994 70647808.0 538
1786489368578 70778880.0 539
1786489371162 70909952.0 540
1786489373745 71041024.0 541
1786489376328 71172096.0 542
1786489378911 71303168.0 543
1786489381494 71434240.0 544
1786489384078 71565312.0 545
1786489386662 71696384.0 546
1786489389253 71827456.0 547
1786489391836 71958528.0 548
1786489394420 72089600.0 549
1786489397003 72220672.0 550
1786489399587 72351744.0 551
1786489402171 72482816.0 552
1786489404755 72613888.0 553
1786489407339 72744960.0 554
1786489409923 72876032.0 555
1786489412506 73007104.0 556
1786489415090 73138176.0 557
1786489417674 73269248.0 558
1786489420257 73400320.0 559
1786489422841 73531392.0 560
1786489425423 73662464.0 561
1786489428005 73793536.0 562
1786489430589 73924608.0 563
1786489433172 74055680.0 564
1786489435757 74186752.0 565
1786489438340 74317824.0 566
1786489440923 74448896.0 567
1786489443506 74579968.0 568
1786489446090 74711040.0 569
1786489448676 74842112.0 570
1786489451256 74973184.0 571
1786489453831 75104256.0 572
1786489456406 75235328.0 573
1786489458981 75366400.0 574
1786489461557 75497472.0 575
1786489464131 75628544.0 576
1786489466711 75759616.0 577
1786489469292 75890688.0 578
1786489471874 76021760.0 579
1786489474455 76152832.0 580
1786489477037 76283904.0 581
1786489479618 76414976.0 582
1786489482199 76546048.0 583
1786489484781 76677120.0 584
1786489487362 76808192.0 585
1786489489945 76939264.0 586
1786489492529 77070336.0 587
1786489495112 77201408.0 588
1786489497695 77332480.0 589
1786489500277 77463552.0 590
1786489502859 77594624.0 591
1786489505440 77725696.0 592
1786489508021 77856768.0 593
1786489510602 77987840.0 594
1786489513184 78118912.0 595
1786489515765 78249984.0 596
1786489518346 78381056.0 597
1786489520927 78512128.0 598
1786489523508 78643200.0 599
1786489526089 78774272.0 600
1786489528672 78905344.0 601
1786489531253 79036416.0 602
1786489533839 79167488.0 603
1786489536423 79298560.0 604
1786489539005 79429632.0 605
1786489541586 79560704.0 606
1786489544167 79691776.0 607
1786489546748 79822848.0 608
1786489549329 79953920.0 609
1786489551910 80084992.0 610
1786489554492 80216064.0 611
1786489557074 80347136.0 612
1786489559658 80478208.0 613
1786489562242 80609280.0 614
1786489564827 80740352.0 615
1786489567411 80871424.0 616
1786489569995 81002496.0 617
1786489572579 81133568.0 618
1786489575164 81264640.0 619
1786489577747 81395712.0 620
1786489580330 81526784.0 621
1786489582914 81657856.0 622
1786489585498 81788928.0 623
1786489588082 81920000.0 624
1786489590665 82051072.0 625
1786489593248 82182144.0 626
1786489595832 82313216.0 627
1786489598417 82444288.0 628
1786489601000 82575360.0 629
1786489603585 82706432.0 630
1786489606168 82837504.0 631
1786489608753 82968576.0 632
1786489611337 83099648.0 633
1786489613921 83230720.0 634
1786489616505 83361792.0 635
1786489619091 83492864.0 636
1786489621674 83623936.0 637
1786489624256 83755008.0 638
1786489626840 83886080.0 639
1786489629424 84017152.0 640
1786489632008 84148224.0 641
1786489634591 84279296.0 642
1786489637173 84410368.0 643
1786489639754 84541440.0 644
1786489642336 84672512.0 645
1786489644917 84803584.0 646
1786489647499 84934656.0 647
1786489650080 85065728.0 648
1786489652663 85196800.0 649
1786489655246 85327872.0 650
1786489657828 85458944.0 651
1786489660410 85590016.0 652
1786489662992 85721088.0 653
1786489665573 85852160.0 654
1786489668155 85983232.0 655
1786489670738 86114304.0 656
1786489673322 86245376.0 657
1786489675908 86376448.0 658
1786489678490 86507520.0 659
1786489681073 86638592.0 660
1786489683656 86769664.0 661
1786489686240 86900736.0 662
1786489688825 87031808.0 663
1786489691408 87162880.0 664
1786489693991 87293952.0 665
1786489696573 87425024.0 666
1786489699156 87556096.0 667
1786489701739 87687168.0 668
1786489704324 87818240.0 669
1786489706907 87949312.0 670
1786489709489 88080384.0 671
1786489712072 88211456.0 672
1786489714655 88342528.0 673
1786489717238 88473600.0 674
1786489719821 88604672.0 675
1786489722404 88735744.0 676
1786489724987 88866816.0 677
1786489727570 88997888.0 678
1786489730153 89128960.0 679
1786489732736 89260032.0 680
1786489735318 89391104.0 681
1786489737901 89522176.0 682
1786489740484 89653248.0 683
1786489743067 89784320.0 684
1786489745651 89915392.0 685
1786489748234 90046464.0 686
1786489750816 90177536.0 687
1786489753399 90308608.0 688
1786489755983 90439680.0 689
1786489758566 90570752.0 690
1786489761149 90701824.0 691
1786489763732 90832896.0 692
1786489766315 90963968.0 693
1786489768898 91095040.0 694
1786489771480 91226112.0 695
1786489774062 91357184.0 696
1786489776644 91488256.0 697
1786489779226 91619328.0 698
1786489781808 91750400.0 699
1786489784390 91881472.0 700
1786489786973 92012544.0 701
1786489789555 92143616.0 702
1786489792139 92274688.0 703
1786489794715 92405760.0 704
1786489797289 92536832.0 705
1786489799865 92667904.0 706
1786489802439 92798976.0 707
1786489805013 92930048.0 708
1786489807588 93061120.0 709
1786489810163 93192192.0 710
1786489812737 93323264.0 711
1786489815318 93454336.0 712
1786489817904 93585408.0 713
1786489820492 93716480.0 714
1786489823075 93847552.0 715
1786489825659 93978624.0 716
1786489828243 94109696.0 717
1786489830827 94240768.0 718
1786489833410 94371840.0 719
1786489835994 94502912.0 720
1786489838577 94633984.0 721
1786489841161 94765056.0 722
1786489843744 94896128.0 723
1786489846330 95027200.0 724
1786489848916 95158272.0 725
1786489851499 95289344.0 726
1786489854085 95420416.0 727
1786489856669 95551488.0 728
1786489859253 95682560.0 729
1786489861836 95813632.0 730
1786489864421 95944704.0 731
1786489867006 96075776.0 732
1786489869590 96206848.0 733
1786489872175 96337920.0 734
1786489874759 96468992.0 735
1786489877342 96600064.0 736
1786489879926 96731136.0 737
1786489882510 96862208.0 738
1786489885095 96993280.0 739
1786489887679 97124352.0 740
1786489890262 97255424.0 741
1786489892847 97386496.0 742
1786489895431 97517568.0 743
1786489898014 97648640.0 744
1786489900598 97779712.0 745
1786489903182 97910784.0 746
1786489905765 98041856.0 747
1786489908349 98172928.0 748
1786489910933 98304000.0 749
1786489913518 98435072.0 750
1786489916102 98566144.0 751
1786489918687 98697216.0 752
1786489921271 98828288.0 753
1786489923855 98959360.0 754
1786489926441 99090432.0 755
1786489929026 99221504.0 756
1786489931610 99352576.0 757
1786489934193 99483648.0 758
1786489936777 99614720.0 759
1786489939361 99745792.0 760
1786489941944 99876864.0 761
1786489944527 100007936.0 762
1786489947110 100139008.0 763
1786489949692 100270080.0 764
1786489952274 100401152.0 765
1786489954856 100532224.0 766
1786489957438 100663296.0 767
1786489960020 100794368.0 768
1786489962602 100925440.0 769
1786489965183 101056512.0 770
1786489967765 101187584.0 771
1786489970347 101318656.0 772
1786489972929 101449728.0 773
1786489975510 101580800.0 774
1786489978092 101711872.0 775
1786489980673 101842944.0 776
1786489983256 101974016.0 777
1786489985837 102105088.0 778
1786489988419 102236160.0 779
1786489991001 102367232.0 780
1786489993582 102498304.0 781
1786489996163 102629376.0 782
1786489998744 102760448.0 783
1786490001326 102891520.0 784
1786490003907 103022592.0 785
1786490006488 103153664.0 786
1786490009069 103284736.0 787
1786490011651 103415808.0 788
1786490014232 103546880.0 789
1786490016815 103677952.0 790
1786490019397 103809024.0 791
1786490021981 103940096.0 792
1786490024562 104071168.0 793
1786490027144 104202240.0 794
1786490029726 104333312.0 795
1786490032309 104464384.0 796
1786490034890 104595456.0 797
1786490037476 104726528.0 798
1786490040060 104857600.0 799
1786490042642 104988672.0 800
1786490045216 105119744.0 801
1786490047790 105250816.0 802
1786490050375 105381888.0 803
1786490052960 105512960.0 804
1786490055544 105644032.0 805
1786490058129 105775104.0 806
1786490060715 105906176.0 807
1786490063300 106037248.0 808
1786490065885 106168320.0 809
1786490068468 106299392.0 810
1786490071052 106430464.0 811
1786490073641 106561536.0 812
1786490076226 106692608.0 813
1786490078813 106823680.0 814
1786490081404 106954752.0 815
1786490083991 107085824.0 816
1786490086574 107216896.0 817
1786490089161 107347968.0 818
1786490091751 107479040.0 819
1786490094336 107610112.0 820
1786490096922 107741184.0 821
1786490099506 107872256.0 822
1786490102089 108003328.0 823
1786490104675 108134400.0 824
1786490107276 108265472.0 825
1786490109852 108396544.0 826
1786490112426 108527616.0 827
1786490115001 108658688.0 828
1786490117575 108789760.0 829
1786490120150 108920832.0 830
1786490122724 109051904.0 831
1786490125299 109182976.0 832
1786490127872 109314048.0 833
1786490130446 109445120.0 834
1786490133022 109576192.0 835
1786490135596 109707264.0 836
1786490138171 109838336.0 837
1786490140746 109969408.0 838
1786490143320 110100480.0 839
1786490145894 110231552.0 840
1786490148468 110362624.0 841
1786490151044 110493696.0 842
1786490153619 110624768.0 843
1786490156194 110755840.0 844
1786490158771 110886912.0 845
1786490161344 111017984.0 846
1786490163918 111149056.0 847
1786490166492 111280128.0 848
1786490169066 111411200.0 849
1786490171640 111542272.0 850
1786490174215 111673344.0 851
1786490176797 111804416.0 852
1786490179381 111935488.0 853
1786490181965 112066560.0 854
1786490184548 112197632.0 855
1786490187132 112328704.0 856
1786490189716 112459776.0 857
1786490192300 112590848.0 858
1786490194884 112721920.0 859
1786490197468 112852992.0 860
1786490200052 112984064.0 861
1786490202636 113115136.0 862
1786490205220 113246208.0 863
1786490207805 113377280.0 864
1786490210392 113508352.0 865
1786490212979 113639424.0 866
1786490215567 113770496.0 867
1786490218152 113901568.0 868
1786490220736 114032640.0 869
1786490223320 114163712.0 870
1786490225908 114294784.0 871
1786490228493 114425856.0 872
1786490231077 114556928.0 873
1786490233660 114688000.0 874
1786490236236 114819072.0 875
1786490238813 114950144.0 876
1786490241389 115081216.0 877
1786490243964 115212288.0 878
1786490246547 115343360.0 879
1786490249131 115474432.0 880
1786490251717 115605504.0 881
1786490254293 115736576.0 882
1786490256869 115867648.0 883
1786490259443 115998720.0 884
1786490262018 116129792.0 885
1786490264592 116260864.0 886
1786490267166 116391936.0 887
1786490269740 116523008.0 888
1786490272322 116654080.0 889
1786490274908 116785152.0 890
1786490277491 116916224.0 891
1786490280075 117047296.0 892
1786490282658 117178368.0 893
1786490285242 117309440.0 894
1786490287826 117440512.0 895
1786490290409 117571584.0 896
1786490292993 117702656.0 897
1786490295577 117833728.0 898
1786490298160 117964800.0 899
1786490300744 118095872.0 900
1786490303328 118226944.0 901
1786490305913 118358016.0 902
1786490308497 118489088.0 903
1786490311080 118620160.0 904
1786490313664 118751232.0 905
1786490316249 118882304.0 906
1786490318832 119013376.0 907
1786490321417 119144448.0 908
1786490324001 119275520.0 909
1786490326585 119406592.0 910
1786490329170 119537664.0 911
1786490331762 119668736.0 912
1786490334347 119799808.0 913
1786490336928 119930880.0 914
1786490339510 120061952.0 915
1786490342092 120193024.0 916
1786490344670 120324096.0 917
1786490347254 120455168.0 918
1786490349838 120586240.0 919
1786490352422 120717312.0 920
1786490355006 120848384.0 921
1786490357588 120979456.0 922
1786490360171 121110528.0 923
1786490362755 121241600.0 924
1786490365339 121372672.0 925
1786490367923 121503744.0 926
1786490370506 121634816.0 927
1786490373089 121765888.0 928
1786490375671 121896960.0 929
1786490378253 122028032.0 930
1786490380835 122159104.0 931
1786490383417 122290176.0 932
1786490385997 122421248.0 933
1786490388579 122552320.0 934
1786490391163 122683392.0 935
1786490393745 122814464.0 936
1786490396330 122945536.0 937
1786490398910 123076608.0 938
1786490401490 123207680.0 939
1786490404072 123338752.0 940
1786490406652 123469824.0 941
1786490409232 123600896.0 942
1786490411814 123731968.0 943
1786490414395 123863040.0 944
1786490416977 123994112.0 945
1786490419559 124125184.0 946
1786490422141 124256256.0 947
1786490424723 124387328.0 948
1786490427304 124518400.0 949
1786490429886 124649472.0 950
1786490432468 124780544.0 951
1786490435051 124911616.0 952
1786490437633 125042688.0 953
1786490440214 125173760.0 954
1786490442796 125304832.0 955
1786490445377 125435904.0 956
1786490447959 125566976.0 957
1786490450542 125698048.0 958
1786490453125 125829120.0 959
1786490455706 125960192.0 960
1786490458288 126091264.0 961
1786490460870 126222336.0 962
1786490463452 126353408.0 963
1786490466034 126484480.0 964
1786490468618 126615552.0 965
1786490471200 126746624.0 966
1786490473782 126877696.0 967
1786490476363 127008768.0 968
1786490478945 127139840.0 969
1786490481528 127270912.0 970
1786490484110 127401984.0 971
1786490486692 127533056.0 972
1786490489273 127664128.0 973
1786490491856 127795200.0 974
1786490494438 127926272.0 975
1786490497020 128057344.0 976
1786490499601 128188416.0 977
1786490502184 128319488.0 978
1786490504766 128450560.0 979
1786490507347 128581632.0 980
1786490509929 128712704.0 981
1786490512513 128843776.0 982
1786490515097 128974848.0 983
1786490517677 129105920.0 984
1786490520257 129236992.0 985
1786490522838 129368064.0 986
1786490525420 129499136.0 987
1786490528002 129630208.0 988
1786490530584 129761280.0 989
1786490533166 129892352.0 990
1786490535748 130023424.0 991
1786490538329 130154496.0 992
1786490540911 130285568.0 993
1786490543493 130416640.0 994
1786490546074 130547712.0 995
1786490548656 130678784.0 996
1786490551238 130809856.0 997
1786490553819 130940928.0 998
1786490556402 131072000.0 999
1786490564476 131203072.0 1000
1786490567058 131334144.0 1001
1786490569642 131465216.0 1002
1786490572226 131596288.0 1003
1786490574809 131727360.0 1004
1786490577391 131858432.0 1005
1786490579975 131989504.0 1006
1786490582558 132120576.0 1007
1786490585142 132251648.0 1008
1786490587725 132382720.0 1009
1786490590308 132513792.0 1010
1786490592892 132644864.0 1011
1786490595476 132775936.0 1012
1786490598065 132907008.0 1013
1786490600649 133038080.0 1014
1786490603232 133169152.0 1015
1786490605818 133300224.0 1016
1786490608405 133431296.0 1017
1786490610997 133562368.0 1018
1786490613583 133693440.0 1019
1786490616168 133824512.0 1020
1786490618752 133955584.0 1021
1786490621334 134086656.0 1022
1786490623917 134217728.0 1023
1786490626500 134348800.0 1024
1786490629087 134479872.0 1025
1786490631676 134610944.0 1026
1786490634259 134742016.0 1027
1786490636841 134873088.0 1028
1786490639423 135004160.0 1029
1786490642004 135135232.0 1030
1786490644585 135266304.0 1031
1786490647168 135397376.0 1032
1786490649749 135528448.0 1033
1786490652331 135659520.0 1034
1786490654912 135790592.0 1035
1786490657493 135921664.0 1036
1786490660075 136052736.0 1037
1786490662657 136183808.0 1038
1786490665240 136314880.0 1039
1786490667822 136445952.0 1040
1786490670403 136577024.0 1041
1786490672985 136708096.0 1042
1786490675567 136839168.0 1043
1786490678149 136970240.0 1044
1786490680731 137101312.0 1045
1786490683312 137232384.0 1046
1786490685893 137363456.0 1047
1786490688474 137494528.0 1048
1786490691057 137625600.0 1049
1786490693640 137756672.0 1050
1786490696223 137887744.0 1051
1786490698804 138018816.0 1052
1786490701386 138149888.0 1053
1786490703968 138280960.0 1054
1786490706550 138412032.0 1055
1786490709131 138543104.0 1056
1786490711713 138674176.0 1057
1786490714295 138805248.0 1058
1786490716876 138936320.0 1059
1786490719460 139067392.0 1060
1786490722044 139198464.0 1061
1786490724627 139329536.0 1062
1786490727208 139460608.0 1063
1786490729791 139591680.0 1064
1786490732374 139722752.0 1065
1786490734956 139853824.0 1066
1786490737538 139984896.0 1067
1786490740119 140115968.0 1068
1786490742702 140247040.0 1069
1786490745283 140378112.0 1070
1786490747865 140509184.0 1071
1786490750450 140640256.0 1072
1786490753033 140771328.0 1073
1786490755616 140902400.0 1074
1786490758193 141033472.0 1075
1786490760776 141164544.0 1076
1786490763361 141295616.0 1077
1786490765945 141426688.0 1078
1786490768529 141557760.0 1079
1786490771112 141688832.0 1080
1786490773696 141819904.0 1081
1786490776280 141950976.0 1082
1786490778863 142082048.0 1083
1786490781445 142213120.0 1084
1786490784029 142344192.0 1085
1786490786612 142475264.0 1086
1786490789194 142606336.0 1087
1786490791776 142737408.0 1088
1786490794360 142868480.0 1089
1786490796943 142999552.0 1090
1786490799525 143130624.0 1091
1786490802107 143261696.0 1092
1786490804689 143392768.0 1093
1786490807270 143523840.0 1094
1786490809852 143654912.0 1095
1786490812436 143785984.0 1096
1786490815021 143917056.0 1097
1786490817604 144048128.0 1098
1786490820187 144179200.0 1099
1786490822771 144310272.0 1100
1786490825354 144441344.0 1101
1786490827943 144572416.0 1102
1786490830529 144703488.0 1103
1786490833113 144834560.0 1104
1786490835695 144965632.0 1105
1786490838277 145096704.0 1106
1786490840860 145227776.0 1107
1786490843442 145358848.0 1108
1786490846025 145489920.0 1109
1786490848607 145620992.0 1110
1786490851191 145752064.0 1111
1786490853774 145883136.0 1112
1786490856356 146014208.0 1113
1786490858938 146145280.0 1114
1786490861522 146276352.0 1115
1786490864104 146407424.0 1116
1786490866686 146538496.0 1117
1786490869269 146669568.0 1118
1786490871852 146800640.0 1119
1786490874435 146931712.0 1120
1786490877018 147062784.0 1121
1786490879600 147193856.0 1122
1786490882182 147324928.0 1123
1786490884763 147456000.0 1124
1786490887345 147587072.0 1125
1786490889928 147718144.0 1126
1786490892510 147849216.0 1127
1786490895093 147980288.0 1128
1786490897676 148111360.0 1129
1786490900262 148242432.0 1130
1786490902847 148373504.0 1131
1786490905435 148504576.0 1132
1786490908020 148635648.0 1133
1786490910603 148766720.0 1134
1786490913186 148897792.0 1135
1786490915769 149028864.0 1136
1786490918352 149159936.0 1137
1786490920935 149291008.0 1138
1786490923517 149422080.0 1139
1786490926107 149553152.0 1140
1786490928689 149684224.0 1141
1786490931272 149815296.0 1142
1786490933855 149946368.0 1143
1786490936439 150077440.0 1144
1786490939022 150208512.0 1145
1786490941605 150339584.0 1146
1786490944188 150470656.0 1147
1786490946772 150601728.0 1148
1786490949351 150732800.0 1149
1786490951926 150863872.0 1150
1786490954499 150994944.0 1151
1786490957074 151126016.0 1152
1786490959658 151257088.0 1153
1786490962242 151388160.0 1154
1786490964821 151519232.0 1155
1786490967395 151650304.0 1156
1786490969974 151781376.0 1157
1786490972549 151912448.0 1158
1786490975124 152043520.0 1159
1786490977697 152174592.0 1160
1786490980271 152305664.0 1161
1786490982844 152436736.0 1162
1786490985417 152567808.0 1163
1786490987995 152698880.0 1164
1786490990575 152829952.0 1165
1786490993158 152961024.0 1166
1786490995738 153092096.0 1167
1786490998319 153223168.0 1168
1786491000899 153354240.0 1169
1786491003482 153485312.0 1170
1786491006078 153616384.0 1171
1786491008660 153747456.0 1172
1786491011246 153878528.0 1173
1786491013821 154009600.0 1174
1786491016394 154140672.0 1175
1786491018968 154271744.0 1176
1786491021550 154402816.0 1177
1786491024133 154533888.0 1178
1786491026715 154664960.0 1179
1786491029289 154796032.0 1180
1786491031864 154927104.0 1181
1786491034438 155058176.0 1182
1786491037012 155189248.0 1183
1786491039587 155320320.0 1184
1786491042162 155451392.0 1185
1786491044737 155582464.0 1186
1786491047313 155713536.0 1187
1786491049887 155844608.0 1188
1786491052463 155975680.0 1189
1786491055037 156106752.0 1190
1786491057611 156237824.0 1191
1786491060185 156368896.0 1192
1786491062758 156499968.0 1193
1786491065332 156631040.0 1194
1786491067905 156762112.0 1195
1786491070478 156893184.0 1196
1786491073053 157024256.0 1197
1786491075626 157155328.0 1198
1786491078199 157286400.0 1199
1786491080772 157417472.0 1200
1786491083345 157548544.0 1201
1786491085918 157679616.0 1202
1786491088492 157810688.0 1203
1786491091065 157941760.0 1204
1786491093638 158072832.0 1205
1786491096213 158203904.0 1206
1786491098788 158334976.0 1207
1786491101369 158466048.0 1208
1786491103951 158597120.0 1209
1786491106532 158728192.0 1210
1786491109114 158859264.0 1211
1786491111696 158990336.0 1212
1786491114278 159121408.0 1213
1786491116858 159252480.0 1214
1786491119440 159383552.0 1215
1786491122022 159514624.0 1216
1786491124602 159645696.0 1217
1786491127184 159776768.0 1218
1786491129766 159907840.0 1219
1786491132348 160038912.0 1220
1786491134929 160169984.0 1221
1786491137512 160301056.0 1222
1786491140093 160432128.0 1223
1786491142674 160563200.0 1224
1786491145255 160694272.0 1225
1786491147837 160825344.0 1226
1786491150417 160956416.0 1227
1786491152999 161087488.0 1228
1786491155580 161218560.0 1229
1786491158163 161349632.0 1230
1786491160744 161480704.0 1231
1786491163328 161611776.0 1232
1786491165909 161742848.0 1233
1786491168493 161873920.0 1234
1786491171079 162004992.0 1235
1786491173663 162136064.0 1236
1786491176246 162267136.0 1237
1786491178829 162398208.0 1238
1786491181410 162529280.0 1239
1786491183991 162660352.0 1240
1786491186575 162791424.0 1241
1786491189158 162922496.0 1242
1786491191744 163053568.0 1243
1786491194327 163184640.0 1244
1786491196909 163315712.0 1245
1786491199491 163446784.0 1246
1786491202072 163577856.0 1247
1786491204654 163708928.0 1248
1786491207236 163840000.0 1249
1786491209818 163971072.0 1250
1786491212399 164102144.0 1251
1786491214981 164233216.0 1252
1786491217562 164364288.0 1253
1786491220143 164495360.0 1254
1786491222724 164626432.0 1255
1786491225305 164757504.0 1256
1786491227887 164888576.0 1257
1786491230470 165019648.0 1258
1786491233053 165150720.0 1259
1786491235635 165281792.0 1260
1786491238217 165412864.0 1261
1786491240798 165543936.0 1262
1786491243379 165675008.0 1263
1786491245961 165806080.0 1264
1786491248546 165937152.0 1265
1786491251131 166068224.0 1266
1786491253718 166199296.0 1267
1786491256302 166330368.0 1268
1786491258891 166461440.0 1269
1786491261476 166592512.0 1270
1786491264063 166723584.0 1271
1786491266646 166854656.0 1272
1786491269245 166985728.0 1273
1786491271828 167116800.0 1274
1786491274412 167247872.0 1275
1786491276996 167378944.0 1276
1786491279580 167510016.0 1277
1786491282163 167641088.0 1278
1786491284746 167772160.0 1279
1786491287329 167903232.0 1280
1786491289915 168034304.0 1281
1786491292501 168165376.0 1282
1786491295090 168296448.0 1283
1786491297675 168427520.0 1284
1786491300258 168558592.0 1285
1786491302842 168689664.0 1286
1786491305425 168820736.0 1287
1786491308008 168951808.0 1288
1786491310591 169082880.0 1289
1786491313173 169213952.0 1290
1786491315758 169345024.0 1291
1786491318340 169476096.0 1292
1786491320922 169607168.0 1293
1786491323505 169738240.0 1294
1786491326087 169869312.0 1295
1786491328669 170000384.0 1296
1786491331251 170131456.0 1297
1786491333835 170262528.0 1298
1786491336417 170393600.0 1299
1786491338998 170524672.0 1300
1786491341578 170655744.0 1301
1786491344158 170786816.0 1302
1786491346739 170917888.0 1303
1786491349320 171048960.0 1304
1786491351901 171180032.0 1305
1786491354481 171311104.0 1306
1786491357064 171442176.0 1307
1786491359645 171573248.0 1308
1786491362223 171704320.0 1309
1786491364795 171835392.0 1310
1786491367369 171966464.0 1311
1786491369941 172097536.0 1312
1786491372514 172228608.0 1313
1786491375086 172359680.0 1314
1786491377661 172490752.0 1315
1786491380233 172621824.0 1316
1786491382806 172752896.0 1317
1786491385378 172883968.0 1318
1786491387951 173015040.0 1319
1786491390523 173146112.0 1320
1786491393096 173277184.0 1321
1786491395668 173408256.0 1322
1786491398242 173539328.0 1323
1786491400815 173670400.0 1324
1786491403388 173801472.0 1325
1786491405960 173932544.0 1326
1786491408533 174063616.0 1327
1786491411105 174194688.0 1328
1786491413678 174325760.0 1329
1786491416250 174456832.0 1330
1786491418823 174587904.0 1331
1786491421397 174718976.0 1332
1786491423970 174850048.0 1333
1786491426542 174981120.0 1334
1786491429115 175112192.0 1335
1786491431688 175243264.0 1336
1786491434262 175374336.0 1337
1786491436835 175505408.0 1338
1786491439410 175636480.0 1339
1786491441995 175767552.0 1340
1786491444578 175898624.0 1341
1786491447161 176029696.0 1342
1786491449744 176160768.0 1343
1786491452329 176291840.0 1344
1786491454919 176422912.0 1345
1786491457512 176553984.0 1346
1786491460103 176685056.0 1347
1786491462694 176816128.0 1348
1786491465286 176947200.0 1349
1786491467877 177078272.0 1350
1786491470469 177209344.0 1351
1786491473062 177340416.0 1352
1786491475651 177471488.0 1353
1786491478243 177602560.0 1354
1786491480834 177733632.0 1355
1786491483425 177864704.0 1356
1786491486019 177995776.0 1357
1786491488603 178126848.0 1358
1786491491187 178257920.0 1359
1786491493772 178388992.0 1360
1786491496355 178520064.0 1361
1786491498944 178651136.0 1362
1786491501526 178782208.0 1363
1786491504109 178913280.0 1364
1786491506691 179044352.0 1365
1786491509273 179175424.0 1366
1786491511854 179306496.0 1367
1786491514437 179437568.0 1368
1786491517020 179568640.0 1369
1786491519602 179699712.0 1370
1786491522184 179830784.0 1371
1786491524765 179961856.0 1372
1786491527348 180092928.0 1373
1786491529930 180224000.0 1374
1786491532514 180355072.0 1375
1786491535096 180486144.0 1376
1786491537679 180617216.0 1377
1786491540261 180748288.0 1378
1786491542844 180879360.0 1379
1786491545428 181010432.0 1380
1786491548010 181141504.0 1381
1786491550593 181272576.0 1382
1786491553176 181403648.0 1383
1786491555759 181534720.0 1384
1786491558343 181665792.0 1385
1786491560924 181796864.0 1386
1786491563506 181927936.0 1387
1786491566087 182059008.0 1388
1786491568669 182190080.0 1389
1786491571250 182321152.0 1390
1786491573831 182452224.0 1391
1786491576413 182583296.0 1392
1786491578995 182714368.0 1393
1786491581576 182845440.0 1394
1786491584161 182976512.0 1395
1786491586742 183107584.0 1396
1786491589317 183238656.0 1397
1786491591891 183369728.0 1398
1786491594464 183500800.0 1399
1786491597043 183631872.0 1400
1786491599617 183762944.0 1401
1786491602190 183894016.0 1402
1786491604765 184025088.0 1403
1786491607340 184156160.0 1404
1786491609914 184287232.0 1405
1786491612487 184418304.0 1406
1786491615069 184549376.0 1407
1786491617653 184680448.0 1408
1786491620235 184811520.0 1409
1786491622818 184942592.0 1410
1786491625400 185073664.0 1411
1786491627984 185204736.0 1412
1786491630568 185335808.0 1413
1786491633152 185466880.0 1414
1786491635736 185597952.0 1415
1786491638320 185729024.0 1416
1786491640903 185860096.0 1417
1786491643487 185991168.0 1418
1786491646070 186122240.0 1419
1786491648654 186253312.0 1420
1786491651239 186384384.0 1421
1786491653822 186515456.0 1422
1786491656406 186646528.0 1423
1786491658989 186777600.0 1424
1786491661573 186908672.0 1425
1786491664155 187039744.0 1426
1786491666737 187170816.0 1427
1786491669319 187301888.0 1428
1786491671902 187432960.0 1429
1786491674484 187564032.0 1430
1786491677065 187695104.0 1431
1786491679647 187826176.0 1432
1786491682229 187957248.0 1433
1786491684810 188088320.0 1434
1786491687391 188219392.0 1435
1786491689973 188350464.0 1436
1786491692555 188481536.0 1437
1786491695138 188612608.0 1438
1786491697721 188743680.0 1439
1786491700308 188874752.0 1440
1786491702894 189005824.0 1441
1786491705476 189136896.0 1442
1786491708057 189267968.0 1443
1786491710639 189399040.0 1444
1786491713223 189530112.0 1445
1786491715806 189661184.0 1446
1786491718389 189792256.0 1447
1786491720972 189923328.0 1448
1786491723555 190054400.0 1449
1786491726143 190185472.0 1450
1786491728729 190316544.0 1451
1786491731312 190447616.0 1452
1786491733895 190578688.0 1453
1786491736477 190709760.0 1454
1786491739059 190840832.0 1455
1786491741642 190971904.0 1456
1786491744225 191102976.0 1457
1786491746808 191234048.0 1458
1786491749390 191365120.0 1459
1786491751973 191496192.0 1460
1786491754556 191627264.0 1461
1786491757139 191758336.0 1462
1786491759723 191889408.0 1463
1786491762307 192020480.0 1464
1786491764890 192151552.0 1465
1786491767472 192282624.0 1466
1786491770058 192413696.0 1467
1786491772640 192544768.0 1468
1786491775223 192675840.0 1469
1786491777804 192806912.0 1470
1786491780386 192937984.0 1471
1786491782967 193069056.0 1472
1786491785550 193200128.0 1473
1786491788132 193331200.0 1474
1786491790713 193462272.0 1475
1786491793296 193593344.0 1476
1786491795877 193724416.0 1477
1786491798458 193855488.0 1478
1786491801039 193986560.0 1479
1786491803621 194117632.0 1480
1786491806202 194248704.0 1481
1786491808785 194379776.0 1482
1786491811367 194510848.0 1483
1786491813948 194641920.0 1484
1786491816530 194772992.0 1485
1786491819112 194904064.0 1486
1786491821695 195035136.0 1487
1786491824277 195166208.0 1488
1786491826860 195297280.0 1489
1786491829441 195428352.0 1490
1786491832023 195559424.0 1491
1786491834605 195690496.0 1492
1786491837191 195821568.0 1493
1786491839774 195952640.0 1494
1786491842347 196083712.0 1495
1786491844920 196214784.0 1496
1786491847493 196345856.0 1497
1786491850067 196476928.0 1498
1786491852640 196608000.0 1499
1786491857672 196739072.0 1500
1786491860247 196870144.0 1501
1786491862822 197001216.0 1502
1786491865396 197132288.0 1503
1786491867970 197263360.0 1504
1786491870544 197394432.0 1505
1786491873119 197525504.0 1506
1786491875693 197656576.0 1507
1786491878267 197787648.0 1508
1786491880841 197918720.0 1509
1786491883416 198049792.0 1510
1786491885990 198180864.0 1511
1786491888564 198311936.0 1512
1786491891141 198443008.0 1513
1786491893717 198574080.0 1514
1786491896294 198705152.0 1515
1786491898869 198836224.0 1516
1786491901443 198967296.0 1517
1786491904018 199098368.0 1518
1786491906601 199229440.0 1519
1786491909176 199360512.0 1520
1786491911750 199491584.0 1521
1786491914326 199622656.0 1522
1786491916901 199753728.0 1523
1786491919475 199884800.0 1524
1786491922054 200015872.0 1525
1786491924638 200146944.0 1526
1786491927221 200278016.0 1527
1786491929805 200409088.0 1528
1786491932388 200540160.0 1529
1786491934971 200671232.0 1530
1786491937555 200802304.0 1531
1786491940139 200933376.0 1532
1786491942722 201064448.0 1533
1786491945305 201195520.0 1534
1786491947887 201326592.0 1535
1786491950472 201457664.0 1536
1786491953055 201588736.0 1537
1786491955637 201719808.0 1538
1786491958221 201850880.0 1539
1786491960804 201981952.0 1540
1786491963386 202113024.0 1541
1786491965968 202244096.0 1542
1786491968553 202375168.0 1543
1786491971139 202506240.0 1544
1786491973725 202637312.0 1545
1786491976310 202768384.0 1546
1786491978893 202899456.0 1547
1786491981477 203030528.0 1548
1786491984062 203161600.0 1549
1786491986648 203292672.0 1550
1786491989233 203423744.0 1551
1786491991818 203554816.0 1552
1786491994401 203685888.0 1553
1786491996986 203816960.0 1554
1786491999573 203948032.0 1555
1786492002156 204079104.0 1556
1786492004739 204210176.0 1557
1786492007322 204341248.0 1558
1786492009904 204472320.0 1559
1786492012487 204603392.0 1560
1786492015070 204734464.0 1561
1786492017653 204865536.0 1562
1786492020236 204996608.0 1563
1786492022820 205127680.0 1564
1786492025403 205258752.0 1565
1786492027986 205389824.0 1566
1786492030569 205520896.0 1567
1786492033152 205651968.0 1568
1786492035734 205783040.0 1569
1786492038316 205914112.0 1570
1786492040899 206045184.0 1571
1786492043483 206176256.0 1572
1786492046065 206307328.0 1573
1786492048649 206438400.0 1574
1786492051232 206569472.0 1575
1786492053818 206700544.0 1576
1786492056403 206831616.0 1577
1786492058987 206962688.0 1578
1786492061570 207093760.0 1579
1786492064152 207224832.0 1580
1786492066734 207355904.0 1581
1786492069316 207486976.0 1582
1786492071899 207618048.0 1583
1786492074481 207749120.0 1584
1786492077064 207880192.0 1585
1786492079646 208011264.0 1586
1786492082229 208142336.0 1587
1786492084811 208273408.0 1588
1786492087394 208404480.0 1589
1786492089978 208535552.0 1590
1786492092560 208666624.0 1591
1786492095143 208797696.0 1592
1786492097724 208928768.0 1593
1786492100306 209059840.0 1594
1786492102890 209190912.0 1595
1786492105474 209321984.0 1596
1786492108057 209453056.0 1597
1786492110641 209584128.0 1598
1786492113225 209715200.0 1599
1786492115809 209846272.0 1600
1786492118393 209977344.0 1601
1786492120980 210108416.0 1602
1786492123567 210239488.0 1603
1786492126148 210370560.0 1604
1786492128730 210501632.0 1605
1786492131313 210632704.0 1606
1786492133900 210763776.0 1607
1786492136486 210894848.0 1608
1786492139071 211025920.0 1609
1786492141656 211156992.0 1610
1786492144241 211288064.0 1611
1786492146828 211419136.0 1612
1786492149411 211550208.0 1613
1786492151995 211681280.0 1614
1786492154580 211812352.0 1615
1786492157164 211943424.0 1616
1786492159748 212074496.0 1617
1786492162331 212205568.0 1618
1786492164915 212336640.0 1619
1786492167498 212467712.0 1620
1786492170081 212598784.0 1621
1786492172665 212729856.0 1622
1786492175249 212860928.0 1623
1786492177833 212992000.0 1624
1786492180417 213123072.0 1625
1786492183001 213254144.0 1626
1786492185585 213385216.0 1627
1786492188169 213516288.0 1628
1786492190753 213647360.0 1629
1786492193338 213778432.0 1630
1786492195928 213909504.0 1631
1786492198514 214040576.0 1632
1786492201097 214171648.0 1633
1786492203680 214302720.0 1634
1786492206262 214433792.0 1635
1786492208846 214564864.0 1636
1786492211428 214695936.0 1637
1786492214011 214827008.0 1638
1786492216592 214958080.0 1639
1786492219176 215089152.0 1640
1786492221759 215220224.0 1641
1786492224343 215351296.0 1642
1786492226928 215482368.0 1643
1786492229512 215613440.0 1644
1786492232095 215744512.0 1645
1786492234679 215875584.0 1646
1786492237263 216006656.0 1647
1786492239847 216137728.0 1648
1786492242430 216268800.0 1649
1786492245014 216399872.0 1650
1786492247598 216530944.0 1651
1786492250186 216662016.0 1652
1786492252772 216793088.0 1653
1786492255348 216924160.0 1654
1786492257924 217055232.0 1655
1786492260498 217186304.0 1656
1786492263073 217317376.0 1657
1786492265648 217448448.0 1658
1786492268225 217579520.0 1659
1786492270808 217710592.0 1660
1786492273391 217841664.0 1661
1786492275975 217972736.0 1662
1786492278562 218103808.0 1663
1786492281146 218234880.0 1664
1786492283730 218365952.0 1665
1786492286317 218497024.0 1666
1786492288902 218628096.0 1667
1786492291487 218759168.0 1668
1786492294071 218890240.0 1669
1786492296656 219021312.0 1670
1786492299240 219152384.0 1671
1786492301825 219283456.0 1672
1786492304409 219414528.0 1673
1786492306993 219545600.0 1674
1786492309578 219676672.0 1675
1786492312166 219807744.0 1676
1786492314751 219938816.0 1677
1786492317337 220069888.0 1678
1786492319921 220200960.0 1679
1786492322507 220332032.0 1680
1786492325092 220463104.0 1681
1786492327676 220594176.0 1682
1786492330260 220725248.0 1683
1786492332844 220856320.0 1684
1786492335423 220987392.0 1685
1786492337997 221118464.0 1686
1786492340572 221249536.0 1687
1786492343146 221380608.0 1688
1786492345721 221511680.0 1689
1786492348295 221642752.0 1690
1786492350871 221773824.0 1691
1786492353447 221904896.0 1692
1786492356023 222035968.0 1693
1786492358599 222167040.0 1694
1786492361173 222298112.0 1695
1786492363747 222429184.0 1696
1786492366321 222560256.0 1697
1786492368895 222691328.0 1698
1786492371470 222822400.0 1699
1786492374045 222953472.0 1700
1786492376619 223084544.0 1701
1786492379193 223215616.0 1702
1786492381767 223346688.0 1703
1786492384342 223477760.0 1704
1786492386917 223608832.0 1705
1786492389491 223739904.0 1706
1786492392065 223870976.0 1707
1786492394639 224002048.0 1708
1786492397214 224133120.0 1709
1786492399788 224264192.0 1710
1786492402362 224395264.0 1711
1786492404936 224526336.0 1712
1786492407510 224657408.0 1713
1786492410085 224788480.0 1714
1786492412659 224919552.0 1715
1786492415236 225050624.0 1716
1786492417811 225181696.0 1717
1786492420385 225312768.0 1718
1786492422959 225443840.0 1719
1786492425534 225574912.0 1720
1786492428108 225705984.0 1721
1786492430682 225837056.0 1722
1786492433258 225968128.0 1723
1786492435834 226099200.0 1724
1786492438408 226230272.0 1725
1786492440982 226361344.0 1726
1786492443556 226492416.0 1727
1786492446131 226623488.0 1728
1786492448706 226754560.0 1729
1786492451280 226885632.0 1730
1786492453854 227016704.0 1731
1786492456428 227147776.0 1732
1786492459006 227278848.0 1733
1786492461579 227409920.0 1734
1786492464154 227540992.0 1735
1786492466729 227672064.0 1736
1786492469303 227803136.0 1737
1786492471877 227934208.0 1738
1786492474451 228065280.0 1739
1786492477025 228196352.0 1740
1786492479607 228327424.0 1741
1786492482191 228458496.0 1742
1786492484773 228589568.0 1743
1786492487355 228720640.0 1744
1786492489937 228851712.0 1745
1786492492523 228982784.0 1746
1786492495107 229113856.0 1747
1786492497690 229244928.0 1748
1786492500274 229376000.0 1749
1786492502856 229507072.0 1750
1786492505440 229638144.0 1751
1786492508024 229769216.0 1752
1786492510606 229900288.0 1753
1786492513191 230031360.0 1754
1786492515777 230162432.0 1755
1786492518363 230293504.0 1756
1786492520947 230424576.0 1757
1786492523532 230555648.0 1758
1786492526117 230686720.0 1759
1786492528702 230817792.0 1760
1786492531290 230948864.0 1761
1786492533875 231079936.0 1762
1786492536460 231211008.0 1763
1786492539045 231342080.0 1764
1786492541629 231473152.0 1765
1786492544215 231604224.0 1766
1786492546806 231735296.0 1767
1786492549389 231866368.0 1768
1786492551973 231997440.0 1769
1786492554556 232128512.0 1770
1786492557140 232259584.0 1771
1786492559724 232390656.0 1772
1786492562301 232521728.0 1773
1786492564878 232652800.0 1774
1786492567454 232783872.0 1775
1786492570030 232914944.0 1776
1786492572605 233046016.0 1777
1786492575181 233177088.0 1778
1786492577762 233308160.0 1779
1786492580354 233439232.0 1780
1786492582937 233570304.0 1781
1786492585521 233701376.0 1782
1786492588104 233832448.0 1783
1786492590688 233963520.0 1784
1786492593271 234094592.0 1785
1786492595850 234225664.0 1786
1786492598424 234356736.0 1787
1786492600999 234487808.0 1788
1786492603573 234618880.0 1789
1786492606148 234749952.0 1790
1786492608722 234881024.0 1791
1786492611296 235012096.0 1792
1786492613872 235143168.0 1793
1786492616446 235274240.0 1794
1786492619020 235405312.0 1795
1786492621594 235536384.0 1796
1786492624168 235667456.0 1797
1786492626742 235798528.0 1798
1786492629318 235929600.0 1799
1786492631893 236060672.0 1800
1786492634470 236191744.0 1801
1786492637045 236322816.0 1802
1786492639619 236453888.0 1803
1786492642194 236584960.0 1804
1786492644770 236716032.0 1805
1786492647348 236847104.0 1806
1786492649923 236978176.0 1807
1786492652498 237109248.0 1808
1786492655072 237240320.0 1809
1786492657646 237371392.0 1810
1786492660221 237502464.0 1811
1786492662795 237633536.0 1812
1786492665370 237764608.0 1813
1786492667944 237895680.0 1814
1786492670519 238026752.0 1815
1786492673094 238157824.0 1816
1786492675669 238288896.0 1817
1786492678246 238419968.0 1818
1786492680820 238551040.0 1819
1786492683395 238682112.0 1820
1786492685970 238813184.0 1821
1786492688544 238944256.0 1822
1786492691119 239075328.0 1823
1786492693704 239206400.0 1824
1786492696292 239337472.0 1825
1786492698877 239468544.0 1826
1786492701461 239599616.0 1827
1786492704046 239730688.0 1828
1786492706632 239861760.0 1829
1786492709220 239992832.0 1830
1786492711805 240123904.0 1831
1786492714390 240254976.0 1832
1786492716975 240386048.0 1833
1786492719561 240517120.0 1834
1786492722146 240648192.0 1835
1786492724732 240779264.0 1836
1786492727316 240910336.0 1837
1786492729900 241041408.0 1838
1786492732486 241172480.0 1839
1786492735071 241303552.0 1840
1786492737656 241434624.0 1841
1786492740242 241565696.0 1842
1786492742827 241696768.0 1843
1786492745413 241827840.0 1844
1786492747999 241958912.0 1845
1786492750584 242089984.0 1846
1786492753169 242221056.0 1847
1786492755755 242352128.0 1848
1786492758339 242483200.0 1849
1786492760924 242614272.0 1850
1786492763509 242745344.0 1851
1786492766094 242876416.0 1852
1786492768680 243007488.0 1853
1786492771264 243138560.0 1854
1786492773850 243269632.0 1855
1786492776435 243400704.0 1856
1786492779020 243531776.0 1857
1786492781604 243662848.0 1858
1786492784189 243793920.0 1859
1786492786774 243924992.0 1860
1786492789358 244056064.0 1861
1786492791943 244187136.0 1862
1786492794531 244318208.0 1863
1786492797119 244449280.0 1864
1786492799705 244580352.0 1865
1786492802290 244711424.0 1866
1786492804876 244842496.0 1867
1786492807473 244973568.0 1868
1786492810059 245104640.0 1869
1786492812644 245235712.0 1870
1786492815230 245366784.0 1871
1786492817815 245497856.0 1872
1786492820400 245628928.0 1873
1786492822986 245760000.0 1874
1786492825571 245891072.0 1875
1786492828154 246022144.0 1876
1786492830737 246153216.0 1877
1786492833320 246284288.0 1878
1786492835903 246415360.0 1879
1786492838486 246546432.0 1880
1786492841070 246677504.0 1881
1786492843653 246808576.0 1882
1786492846236 246939648.0 1883
1786492848819 247070720.0 1884
1786492851403 247201792.0 1885
1786492853988 247332864.0 1886
1786492856571 247463936.0 1887
1786492859154 247595008.0 1888
1786492861736 247726080.0 1889
1786492864319 247857152.0 1890
1786492866902 247988224.0 1891
1786492869485 248119296.0 1892
1786492872067 248250368.0 1893
1786492874650 248381440.0 1894
1786492877233 248512512.0 1895
1786492879815 248643584.0 1896
1786492882397 248774656.0 1897
1786492884980 248905728.0 1898
1786492887562 249036800.0 1899
1786492890145 249167872.0 1900
1786492892728 249298944.0 1901
1786492895311 249430016.0 1902
1786492897896 249561088.0 1903
1786492900480 249692160.0 1904
1786492903065 249823232.0 1905
1786492905651 249954304.0 1906
1786492908238 250085376.0 1907
1786492910827 250216448.0 1908
1786492913413 250347520.0 1909
1786492916000 250478592.0 1910
1786492918586 250609664.0 1911
1786492921170 250740736.0 1912
1786492923756 250871808.0 1913
1786492926341 251002880.0 1914
1786492928926 251133952.0 1915
1786492931510 251265024.0 1916
1786492934095 251396096.0 1917
1786492936680 251527168.0 1918
1786492939266 251658240.0 1919
1786492941851 251789312.0 1920
1786492944436 251920384.0 1921
1786492947021 252051456.0 1922
1786492949606 252182528.0 1923
1786492952191 252313600.0 1924
1786492954775 252444672.0 1925
1786492957360 252575744.0 1926
1786492959945 252706816.0 1927
1786492962530 252837888.0 1928
1786492965114 252968960.0 1929
1786492967699 253100032.0 1930
1786492970285 253231104.0 1931
1786492972877 253362176.0 1932
1786492975462 253493248.0 1933
1786492978045 253624320.0 1934
1786492980629 253755392.0 1935
1786492983213 253886464.0 1936
1786492985801 254017536.0 1937
1786492988386 254148608.0 1938
1786492990971 254279680.0 1939
1786492993556 254410752.0 1940
1786492996142 254541824.0 1941
1786492998726 254672896.0 1942
1786493001314 254803968.0 1943
1786493003898 254935040.0 1944
1786493006483 255066112.0 1945
1786493009067 255197184.0 1946
1786493011653 255328256.0 1947
1786493014237 255459328.0 1948
1786493016821 255590400.0 1949
1786493019405 255721472.0 1950
1786493021990 255852544.0 1951
1786493024574 255983616.0 1952
1786493027159 256114688.0 1953
1786493029744 256245760.0 1954
1786493032329 256376832.0 1955
1786493034914 256507904.0 1956
1786493037500 256638976.0 1957
1786493040087 256770048.0 1958
1786493042671 256901120.0 1959
1786493045257 257032192.0 1960
1786493047842 257163264.0 1961
1786493050426 257294336.0 1962
1786493053011 257425408.0 1963
1786493055596 257556480.0 1964
1786493058181 257687552.0 1965
1786493060765 257818624.0 1966
1786493063351 257949696.0 1967
1786493065936 258080768.0 1968
1786493068520 258211840.0 1969
1786493071106 258342912.0 1970
1786493073691 258473984.0 1971
1786493076277 258605056.0 1972
1786493078861 258736128.0 1973
1786493081446 258867200.0 1974
1786493084031 258998272.0 1975
1786493086615 259129344.0 1976
1786493089201 259260416.0 1977
1786493091787 259391488.0 1978
1786493094372 259522560.0 1979
1786493096957 259653632.0 1980
1786493099542 259784704.0 1981
1786493102126 259915776.0 1982
1786493104712 260046848.0 1983
1786493107297 260177920.0 1984
1786493109881 260308992.0 1985
1786493112465 260440064.0 1986
1786493115050 260571136.0 1987
1786493117637 260702208.0 1988
1786493120221 260833280.0 1989
1786493122805 260964352.0 1990
1786493125389 261095424.0 1991
1786493127973 261226496.0 1992
1786493130557 261357568.0 1993
1786493133141 261488640.0 1994
1786493135725 261619712.0 1995
1786493138312 261750784.0 1996
1786493140898 261881856.0 1997
1786493143484 262012928.0 1998
1786493146067 262144000.0 1999
