1786487617449 5.167855739593506 0
1786487620019 9.34858226776123 1
1786487622596 6.30272102355957 2
1786487625167 6.793414115905762 3
1786487627738 1.6793454885482788 4
1786487630307 1.760778784751892 5
1786487632886 1.6556174755096436 6
1786487635470 1.5530624389648438 7
1786487638043 1.5107699632644653 8
1786487640615 1.374409556388855 9
1786487643187 1.5186594724655151 10
1786487645760 1.329300880432129 11
1786487648336 1.3495395183563232 12
1786487650916 1.3191637992858887 13
1786487653499 1.4434460401535034 14
1786487656092 1.468364953994751 15
1786487658670 1.5052220821380615 16
1786487661249 1.5466609001159668 17
1786487663825 1.4277386665344238 18
1786487666409 1.523730754852295 19
1786487671991 1.4265952110290527 20
1786487674570 1.381082534790039 21
1786487677143 1.3344125747680664 22
1786487679719 1.3135521411895752 23
1786487682297 1.3570990562438965 24
1786487684867 1.2718266248703003 25
1786487687442 1.2384393215179443 26
1786487690018 1.2355660200119019 27
1786487692597 1.231532335281372 28
1786487695180 1.1577481031417847 29
1786487697757 1.2724171876907349 30
1786487700339 1.1429654359817505 31
1786487702917 1.1196413040161133 32
1786487705499 1.1880793571472168 33
1786487708079 1.1698541641235352 34
1786487710663 1.328173279762268 35
1786487713243 1.169715404510498 36
1786487715823 1.029109001159668 37
1786487718402 1.0009326934814453 38
1786487720983 1.071110486984253 39
