1786487617449 0.00015 0
1786487620019 0.000225 1
1786487622596 0.0003 2
1786487625167 3.161999999999998e-05 3
1786487627738 3.157499999999998e-05 4
1786487630307 3.152999999999999e-05 5
1786487632886 3.1484999999999994e-05 6
1786487635470 3.144e-05 7
1786487638043 3.1395e-05 8
1786487640615 3.135000000000001e-05 9
1786487643187 3.130500000000001e-05 10
1786487645760 3.1260000000000016e-05 11
1786487648336 3.121499999999999e-05 12
1786487650916 3.1169999999999995e-05 13
1786487653499 3.1125e-05 14
1786487656092 3.108000000000001e-05 15
1786487658670 3.103500000000001e-05 16
1786487661249 3.099000000000001e-05 17
1786487663825 3.094499999999999e-05 18
1786487666409 3.089999999999999e-05 19
1786487671991 3.0854999999999995e-05 20
1786487674570 3.081e-05 21
1786487677143 3.076500000000001e-05 22
1786487679719 3.072000000000001e-05 23
1786487682297 3.067499999999998e-05 24
1786487684867 3.062999999999999e-05 25
1786487687442 3.058499999999999e-05 26
1786487690018 3.0539999999999996e-05 27
1786487692597 3.0495000000000002e-05 28
1786487695180 3.045000000000001e-05 29
1786487697757 3.040499999999998e-05 30
1786487700339 3.0359999999999984e-05 31
1786487702917 3.031499999999999e-05 32
1786487705499 3.0269999999999993e-05 33
1786487708079 3.0225e-05 34
1786487710663 3.0180000000000006e-05 35
1786487713243 3.0134999999999975e-05 36
1786487715823 3.008999999999998e-05 37
1786487718402 3.0044999999999984e-05 38
1786487720983 2.999999999999999e-05 39
