1786487617449 3.150934522971511 0
1786487620019 2.5684390738606453 1
1786487622596 2.5750980372540653 2
1786487625167 2.5687620248645544 3
1786487627738 2.5686534610576928 4
1786487630307 2.5677251270972192 5
1786487632886 2.576966225169599 6
1786487635470 2.5819814591668546 7
1786487638043 2.5710807098075747 8
1786487640615 2.570176227018237 9
1786487643187 2.5700988438911736 10
1786487645760 2.571317309048027 11
1786487648336 2.5737003656104207 12
1786487650916 2.578509851824492 13
1786487653499 2.580774335190654 14
1786487656092 2.590858804062009 15
1786487658670 2.576158926356584 16
1786487661249 2.5773621997796 17
1786487663825 2.5745139559730887 18
1786487666409 2.58160949498415 19
1786487671991 2.5758503852412105 20
1786487674570 2.576185677200556 21
1786487677143 2.571888749022037 22
1786487679719 2.5732741598039865 23
1786487682297 2.57677799789235 24
1786487684867 2.567823570687324 25
1786487687442 2.5736539750359952 26
1786487690018 2.5737711279653013 27
1786487692597 2.5775347957387567 28
1786487695180 2.5803535799495876 29
1786487697757 2.5759123973548412 30
1786487700339 2.5795501600950956 31
1786487702917 2.5764652071520686 32
1786487705499 2.5797114255838096 33
1786487708079 2.5783129152841866 34
1786487710663 2.5820554522797465 35
1786487713243 2.578684087842703 36
1786487715823 2.577552536968142 37
1786487718402 2.5775885679759085 38
1786487720983 2.578565164003521 39
