1786487617449 131072.0 0
1786487620019 262144.0 1
1786487622596 393216.0 2
1786487625167 524288.0 3
1786487627738 655360.0 4
1786487630307 786432.0 5
1786487632886 917504.0 6
1786487635470 1048576.0 7
1786487638043 1179648.0 8
1786487640615 1310720.0 9
1786487643187 1441792.0 10
1786487645760 1572864.0 11
1786487648336 1703936.0 12
1786487650916 1835008.0 13
1786487653499 1966080.0 14
1786487656092 2097152.0 15
1786487658670 2228224.0 16
1786487661249 2359296.0 17
1786487663825 2490368.0 18
1786487666409 2621440.0 19
1786487671991 2752512.0 20
1786487674570 2883584.0 21
1786487677143 3014656.0 22
1786487679719 3145728.0 23
1786487682297 3276800.0 24
1786487684867 3407872.0 25
1786487687442 3538944.0 26
1786487690018 3670016.0 27
1786487692597 3801088.0 28
1786487695180 3932160.0 29
1786487697757 4063232.0 30
1786487700339 4194304.0 31
1786487702917 4325376.0 32
1786487705499 4456448.0 33
1786487708079 4587520.0 34
1786487710663 4718592.0 35
1786487713243 4849664.0 36
1786487715823 4980736.0 37
1786487718402 5111808.0 38
1786487720983 5242880.0 39
