1786487617449 10.521061897277832 0
1786487620019 10.18224835395813 1
1786487622596 10.01266610622406 2
1786487625167 10.00588321685791 3
1786487627738 9.586233377456665 4
1786487630307 9.538732528686523 5
1786487632886 9.533003568649292 6
1786487635470 9.479355335235596 7
1786487638043 9.41740870475769 8
1786487640615 9.421164870262146 9
1786487643187 9.363852620124817 10
1786487645760 9.36562991142273 11
1786487648336 9.341821551322937 12
1786487650916 9.331821918487549 13
1786487653499 9.28329312801361 14
1786487656092 9.244951009750366 15
1786487658670 9.232236623764038 16
1786487661249 9.194348812103271 17
1786487663825 9.20813536643982 18
1786487666409 9.168620586395264 19
1786487671991 9.15936553478241 20
1786487674570 9.150339245796204 21
1786487677143 9.14078402519226 22
1786487679719 9.112497448921204 23
1786487682297 9.085381627082825 24
1786487684867 9.089771747589111 25
1786487687442 9.028762459754944 26
1786487690018 9.03245460987091 27
1786487692597 8.996165990829468 28
1786487695180 9.012837529182434 29
1786487697757 8.93831980228424 30
1786487700339 8.981988668441772 31
1786487702917 8.941567420959473 32
1786487705499 8.902220010757446 33
1786487708079 8.860713481903076 34
1786487710663 8.821851015090942 35
1786487713243 8.819308161735535 36
1786487715823 8.835855484008789 37
1786487718402 8.823575615882874 38
1786487720983 8.77522325515747 39
