1786487617449 3.140210270881653 0
1786487620019 3.1345811784267426 1
1786487622596 3.114911675453186 2
1786487625167 3.0932798087596893 3
1786487627738 3.022079810500145 4
1786487630307 3.0123150050640106 5
1786487632886 3.0101683735847473 6
1786487635470 2.997080162167549 7
1786487638043 2.976749539375305 8
1786487640615 2.9735998660326004 9
1786487643187 2.950587421655655 10
1786487645760 2.946201801300049 11
1786487648336 2.928693547844887 12
1786487650916 2.9202399998903275 13
1786487653499 2.892936259508133 14
1786487656092 2.878105714917183 15
1786487658670 2.8560413271188736 16
1786487661249 2.832229882478714 17
1786487663825 2.828082501888275 18
1786487666409 2.7952281832695007 19
1786487671991 2.789994388818741 20
1786487674570 2.77205228805542 21
1786487677143 2.7644660621881485 22
1786487679719 2.7458266764879227 23
1786487682297 2.727924346923828 24
1786487684867 2.713874652981758 25
1786487687442 2.6891060322523117 26
1786487690018 2.6790505200624466 27
1786487692597 2.6658980548381805 28
1786487695180 2.664075195789337 29
1786487697757 2.6255432069301605 30
1786487700339 2.64755417406559 31
1786487702917 2.622290402650833 32
1786487705499 2.599523514509201 33
1786487708079 2.57880499958992 34
1786487710663 2.5653549134731293 35
1786487713243 2.5584480464458466 36
1786487715823 2.5636285096406937 37
1786487718402 2.5640008598566055 38
1786487720983 2.5387734323740005 39
