1786487617449 0.011083331832196563 0
1786487620019 0.011078952578827739 1
1786487622596 0.011079016316216439 2
1786487625167 0.010998791607562453 3
1786487627738 0.010805845144204795 4
1786487630307 0.010804878373164684 5
1786487632886 0.010791917447932065 6
1786487635470 0.010778980096802115 7
1786487638043 0.010765571205411106 8
1786487640615 0.010757232434116304 9
1786487643187 0.010755185969173908 10
1786487645760 0.010735945543274283 11
1786487648336 0.010712952935136855 12
1786487650916 0.01070046704262495 13
1786487653499 0.010675561265088618 14
1786487656092 0.010660917323548347 15
1786487658670 0.01063386391615495 16
1786487661249 0.010603056114632636 17
1786487663825 0.01058363332413137 18
1786487666409 0.010552686348091811 19
1786487671991 0.010533531429246068 20
1786487674570 0.010515928908716887 21
1786487677143 0.010504253208637238 22
1786487679719 0.010493137699086219 23
1786487682297 0.010475324001163244 24
1786487684867 0.010455013311002403 25
1786487687442 0.010436145996209234 26
1786487690018 0.010407220863271505 27
1786487692597 0.010398084879852831 28
1786487695180 0.010386269015725702 29
1786487697757 0.010366229165811092 30
1786487700339 0.010363035602495074 31
1786487702917 0.010339332220610231 32
1786487705499 0.010324821923859417 33
1786487708079 0.010306108626537025 34
1786487710663 0.01028496358776465 35
1786487713243 0.010266613913699985 36
1786487715823 0.010251971543766558 37
1786487718402 0.010244082193821669 38
1786487720983 0.010227450227830559 39
