1786487967578 10.521061897277832 0
1786487970157 10.517796754837036 1
1786487972732 10.521343469619751 2
1786487975306 10.507637023925781 3
1786487977880 10.504748106002808 4
1786487980455 10.496633052825928 5
1786487983032 10.491008758544922 6
1786487985629 10.480266332626343 7
1786487988206 10.466210842132568 8
1786487990783 10.44999384880066 9
1786487993363 10.431021928787231 10
1786487995941 10.412205457687378 11
1786487998517 10.393714427947998 12
1786488001096 10.388769626617432 13
1786488003675 10.353723049163818 14
1786488006255 10.318729162216187 15
1786488008837 10.2915780544281 16
1786488011419 10.26211404800415 17
1786488014008 10.238681077957153 18
1786488016594 10.189300537109375 19
1786488019184 10.171132802963257 20
1786488021774 10.121355533599854 21
1786488024355 10.096283435821533 22
1786488026935 10.065690755844116 23
1786488029515 10.048581957817078 24
1786488032095 10.028767466545105 25
1786488034674 9.957234382629395 26
1786488037255 9.96090281009674 27
1786488039835 9.888562083244324 28
1786488042418 9.916525602340698 29
1786488045012 9.84781014919281 30
1786488047595 9.86360490322113 31
1786488050181 9.825737118721008 32
1786488052762 9.787373542785645 33
1786488055348 9.755146622657776 34
1786488057932 9.709842205047607 35
1786488060519 9.713543891906738 36
1786488063106 9.734641432762146 37
1786488065691 9.716294169425964 38
1786488068273 9.67565107345581 39
1786488070854 9.65122377872467 40
1786488073437 9.65505850315094 41
1786488076022 9.647024035453796 42
1786488078607 9.609577417373657 43
1786488081196 9.634364008903503 44
1786488083781 9.59535264968872 45
1786488086371 9.605751037597656 46
1786488088962 9.569351553916931 47
1786488091545 9.554122686386108 48
1786488094127 9.580720901489258 49
1786488096710 9.568603515625 50
1786488099294 9.540296792984009 51
1786488101878 9.536615014076233 52
1786488104458 9.518901467323303 53
1786488107037 9.498188018798828 54
1786488109622 9.513678908348083 55
1786488112208 9.50408673286438 56
1786488114797 9.50066190958023 57
1786488117386 9.460804343223572 58
1786488119980 9.462188124656677 59
1786488122567 9.409593403339386 60
1786488125151 9.439414024353027 61
1786488127732 9.409585297107697 62
1786488130313 9.397567808628082 63
1786488132896 9.40266901254654 64
1786488135479 9.391126930713654 65
1786488138062 9.373272955417633 66
1786488140646 9.35647737979889 67
1786488143231 9.332608938217163 68
1786488145815 9.332397639751434 69
1786488148404 9.303952634334564 70
1786488150997 9.303147733211517 71
1786488153591 9.245267868041992 72
1786488156172 9.264225780963898 73
1786488158760 9.2486492395401 74
1786488161341 9.270284056663513 75
1786488163923 9.139105558395386 76
1786488166505 9.269189953804016 77
1786488169088 9.200084149837494 78
1786488171676 9.229613602161407 79
1786488174258 9.185684382915497 80
1786488176839 9.154120743274689 81
1786488179423 9.134999454021454 82
1786488182008 9.14765179157257 83
1786488184592 9.163682699203491 84
1786488187178 9.154794573783875 85
1786488189760 9.113653302192688 86
1786488192341 9.144769728183746 87
1786488194922 9.100717425346375 88
1786488197502 9.058238983154297 89
1786488200080 9.050577104091644 90
1786488202659 9.02649736404419 91
1786488205239 9.025655686855316 92
1786488207818 9.029595136642456 93
1786488210402 9.037111401557922 94
1786488212984 9.011297464370728 95
1786488215566 9.01859700679779 96
1786488218144 8.943885028362274 97
1786488220723 8.925150454044342 98
1786488223304 8.899329841136932 99
1786488225887 8.93339216709137 100
1786488228475 8.886687159538269 101
1786488231063 8.871193885803223 102
1786488233647 8.90591436624527 103
1786488236231 8.867684543132782 104
1786488238814 8.82091623544693 105
1786488241398 8.852002382278442 106
1786488243979 8.86454838514328 107
1786488246569 8.804068565368652 108
1786488249154 8.780945718288422 109
1786488251737 8.768353819847107 110
1786488254320 8.76583707332611 111
1786488256903 8.710647225379944 112
1786488259479 8.78025233745575 113
1786488262057 8.73766839504242 114
1786488264630 8.721195578575134 115
1786488267216 8.748648881912231 116
1786488269797 8.661052525043488 117
1786488272376 8.718565046787262 118
1786488274957 8.66174453496933 119
1786488277537 8.691953599452972 120
1786488280118 8.637939214706421 121
1786488282702 8.647666454315186 122
1786488285286 8.609141170978546 123
1786488287867 8.591283798217773 124
1786488290448 8.578248798847198 125
1786488293031 8.546958982944489 126
1786488295613 8.543944716453552 127
1786488298195 8.558009803295135 128
1786488300775 8.490657210350037 129
1786488303360 8.483545124530792 130
1786488305954 8.48017966747284 131
1786488308537 8.520342111587524 132
1786488311119 8.527680575847626 133
1786488313702 8.454210460186005 134
1786488316282 8.415464162826538 135
1786488318863 8.389201283454895 136
1786488321444 8.39964371919632 137
1786488324025 8.40287870168686 138
1786488326607 8.391859114170074 139
1786488329190 8.406015574932098 140
1786488331774 8.398400127887726 141
1786488334358 8.335550904273987 142
1786488336943 8.333435595035553 143
1786488339529 8.389419615268707 144
1786488342112 8.338913381099701 145
1786488344695 8.307399570941925 146
1786488347275 8.300284504890442 147
1786488349858 8.33849710226059 148
1786488352441 8.270323872566223 149
1786488355025 8.289552450180054 150
1786488357607 8.320257276296616 151
1786488360188 8.199242115020752 152
1786488362770 8.177996397018433 153
1786488365353 8.163906872272491 154
1786488367939 8.255482375621796 155
1786488370526 8.230168521404266 156
1786488373110 8.187849462032318 157
1786488375696 8.166638493537903 158
1786488378280 8.159505665302277 159
1786488380860 8.201559901237488 160
1786488383442 8.058673977851868 161
1786488386024 8.044838279485703 162
1786488388608 8.062507599592209 163
1786488391188 8.025482654571533 164
1786488393768 8.086595237255096 165
1786488396348 8.089737683534622 166
1786488398934 7.978855639696121 167
1786488401516 7.982523739337921 168
1786488404100 8.011964827775955 169
1786488406684 7.999039858579636 170
1786488409266 8.0521360039711 171
1786488411845 8.029854744672775 172
1786488414428 7.954261362552643 173
1786488417014 7.908468335866928 174
1786488419597 7.963339775800705 175
1786488422177 7.859391659498215 176
1786488424759 7.913052827119827 177
1786488427340 7.928945809602737 178
1786488429921 7.879404723644257 179
1786488432500 7.855186820030212 180
1786488435080 7.873683154582977 181
1786488437661 7.8608110547065735 182
1786488440243 7.904064238071442 183
1786488442826 7.8648717403411865 184
1786488445413 7.830203473567963 185
1786488447999 7.863807827234268 186
1786488450587 7.79907363653183 187
1786488453196 7.799910813570023 188
1786488455778 7.741471111774445 189
1786488458363 7.749514311552048 190
1786488460946 7.851517766714096 191
1786488463530 7.7339668571949005 192
1786488466112 7.7669289112091064 193
1786488468696 7.682965338230133 194
1786488471278 7.699124246835709 195
1786488473863 7.751062721014023 196
1786488476445 7.736691772937775 197
1786488479034 7.6420978307724 198
1786488481617 7.689951807260513 199
1786488484190 7.744746416807175 200
1786488486765 7.6416172087192535 201
1786488489341 7.645117878913879 202
1786488491922 7.672394722700119 203
1786488494504 7.707979261875153 204
1786488497086 7.622582972049713 205
1786488499668 7.574249058961868 206
1786488502249 7.638174831867218 207
1786488504833 7.6003535985946655 208
1786488507414 7.553714692592621 209
1786488509991 7.517158776521683 210
1786488512574 7.599494636058807 211
1786488515156 7.538833528757095 212
1786488517742 7.530043810606003 213
1786488520331 7.530215889215469 214
1786488522919 7.5682253539562225 215
1786488525514 7.4767783880233765 216
1786488528104 7.540453761816025 217
1786488530690 7.494374483823776 218
1786488533284 7.456865161657333 219
1786488535868 7.504246652126312 220
1786488538454 7.558819085359573 221
1786488541040 7.468465030193329 222
1786488543632 7.509750962257385 223
1786488546220 7.388285845518112 224
1786488548804 7.423153430223465 225
1786488551393 7.399543255567551 226
1786488553978 7.4121973514556885 227
1786488556559 7.3668064177036285 228
1786488559142 7.365720689296722 229
1786488561726 7.354830890893936 230
1786488564310 7.3577843606472015 231
1786488566893 7.2829408049583435 232
1786488569478 7.3230123817920685 233
1786488572060 7.340247452259064 234
1786488574645 7.38422966003418 235
1786488577226 7.259470760822296 236
1786488579806 7.328608691692352 237
1786488582386 7.290365517139435 238
1786488584966 7.276622474193573 239
1786488587551 7.351758927106857 240
1786488590135 7.271960377693176 241
1786488592718 7.26325523853302 242
1786488595306 7.308221876621246 243
1786488597893 7.179621040821075 244
1786488600486 7.247488915920258 245
1786488603075 7.257483184337616 246
1786488605662 7.293000727891922 247
1786488608256 7.188485682010651 248
1786488610838 7.174704313278198 249
1786488613420 7.1964626014232635 250
1786488616014 7.131928205490112 251
1786488618594 7.143501937389374 252
1786488621181 7.25552037358284 253
1786488623773 7.166136652231216 254
1786488626354 7.204568177461624 255
1786488628938 7.1464883685112 256
1786488631530 7.183686852455139 257
1786488634117 7.1712082624435425 258
1786488636702 7.114979058504105 259
1786488639294 7.127651035785675 260
1786488641878 7.140661954879761 261
1786488644465 7.1415114402771 262
1786488647049 7.160046100616455 263
1786488649639 7.099570423364639 264
1786488652238 7.12996444106102 265
1786488654829 7.093499094247818 266
1786488657411 7.105462700128555 267
1786488660003 7.0874742567539215 268
1786488662587 7.053544253110886 269
1786488665176 7.076520532369614 270
1786488667766 7.019335776567459 271
1786488670349 6.951375126838684 272
1786488672939 7.051199853420258 273
1786488675532 7.054525703191757 274
1786488678129 6.985514163970947 275
1786488680716 6.9891771376132965 276
1786488683310 7.013710796833038 277
1786488685900 7.007599353790283 278
1786488688483 7.0048651695251465 279
1786488691067 6.9260454177856445 280
1786488693658 6.9293898940086365 281
1786488696243 6.942344069480896 282
1786488698826 6.854615896940231 283
1786488701420 6.8963653445243835 284
1786488704002 6.919059842824936 285
1786488706588 6.953375667333603 286
1786488709180 6.950905203819275 287
1786488711772 6.863103657960892 288
1786488714355 6.8899626433849335 289
1786488716942 6.9360752403736115 290
1786488719531 6.906998991966248 291
1786488722112 6.891568124294281 292
1786488724695 6.920900344848633 293
1786488727279 6.8405294716358185 294
1786488729866 6.873267263174057 295
1786488732462 6.879853844642639 296
1786488735048 6.7787754237651825 297
1786488737632 6.803075134754181 298
1786488740214 6.905866473913193 299
1786488742805 6.901926964521408 300
1786488745388 6.816177397966385 301
1786488747969 6.836938351392746 302
1786488750557 6.885072708129883 303
1786488753141 6.897775858640671 304
1786488755724 6.778889954090118 305
1786488758307 6.7037476897239685 306
1786488760889 6.794545888900757 307
1786488763472 6.859392136335373 308
1786488766056 6.858274042606354 309
1786488768640 6.748230934143066 310
1786488771227 6.825979590415955 311
1786488773819 6.817709535360336 312
1786488776400 6.786328732967377 313
1786488778985 6.735651642084122 314
1786488781571 6.798481822013855 315
1786488784154 6.683729141950607 316
1786488786741 6.741497218608856 317
1786488789324 6.7683179676532745 318
1786488791908 6.687976896762848 319
1786488794495 6.678378403186798 320
1786488797080 6.715800225734711 321
1786488799662 6.642590254545212 322
1786488802238 6.750752747058868 323
1786488804810 6.744436085224152 324
1786488807382 6.590684294700623 325
1786488809956 6.679324895143509 326
1786488812538 6.771105527877808 327
1786488815113 6.712431043386459 328
1786488817696 6.690325945615768 329
1786488820273 6.6210256814956665 330
1786488822849 6.661124497652054 331
1786488825423 6.734501868486404 332
1786488828004 6.657444000244141 333
1786488830596 6.701239198446274 334
1786488833178 6.654483377933502 335
1786488835770 6.662453353404999 336
1786488838350 6.679064363241196 337
1786488840932 6.587289363145828 338
1786488843519 6.606800198554993 339
1786488846105 6.556445389986038 340
1786488848689 6.642421573400497 341
1786488851270 6.627476125955582 342
1786488853853 6.5673002898693085 343
1786488856438 6.519836515188217 344
1786488859025 6.615073472261429 345
1786488861605 6.6100311279296875 346
1786488864194 6.577605903148651 347
1786488866779 6.652255654335022 348
1786488869368 6.603814512491226 349
1786488871946 6.477199554443359 350
1786488874522 6.561179548501968 351
1786488877097 6.621353656053543 352
1786488879679 6.52930948138237 353
1786488882262 6.530632585287094 354
1786488884844 6.547849774360657 355
1786488887424 6.610235571861267 356
1786488890004 6.553549528121948 357
1786488892584 6.499636918306351 358
1786488895164 6.505910307168961 359
1786488897746 6.5955420434474945 360
1786488900328 6.523296743631363 361
1786488902910 6.504970908164978 362
1786488905492 6.550731897354126 363
1786488908074 6.487962365150452 364
1786488910662 6.568926841020584 365
1786488913247 6.5835365653038025 366
1786488915831 6.448850035667419 367
1786488918413 6.482727944850922 368
1786488920998 6.550342112779617 369
1786488923584 6.535947889089584 370
1786488926166 6.383777588605881 371
1786488928749 6.48989599943161 372
1786488931330 6.417978852987289 373
1786488933912 6.495381444692612 374
1786488936494 6.47972109913826 375
1786488939076 6.3680179715156555 376
1786488941658 6.449029713869095 377
1786488944241 6.531459718942642 378
1786488946823 6.396647125482559 379
1786488949405 6.487229377031326 380
1786488951986 6.436641424894333 381
1786488954568 6.406194418668747 382
1786488957152 6.397406786680222 383
1786488959736 6.438813120126724 384
1786488962317 6.384776443243027 385
1786488964899 6.421173602342606 386
1786488967481 6.435768514871597 387
1786488970063 6.366552323102951 388
1786488972645 6.399343371391296 389
1786488975228 6.375428199768066 390
1786488977811 6.45690181851387 391
1786488980393 6.41685476899147 392
1786488982975 6.45268452167511 393
1786488985557 6.3636175096035 394
1786488988139 6.365750819444656 395
1786488990721 6.425530552864075 396
1786488993302 6.3400362730026245 397
1786488995884 6.389459401369095 398
1786488998467 6.331117331981659 399
1786489001051 6.325117975473404 400
1786489003633 6.359048008918762 401
1786489006215 6.4063787162303925 402
1786489008797 6.3171577751636505 403
1786489011381 6.388425052165985 404
1786489013963 6.364915549755096 405
1786489016544 6.322164863348007 406
1786489019126 6.2385048270225525 407
1786489021708 6.375016003847122 408
1786489024291 6.305526047945023 409
1786489026874 6.2634022533893585 410
1786489029459 6.230161786079407 411
1786489032041 6.314243167638779 412
1786489034623 6.251202553510666 413
1786489037205 6.348561108112335 414
1786489039787 6.348524481058121 415
1786489042371 6.330379605293274 416
1786489044954 6.234867513179779 417
1786489047537 6.341265231370926 418
1786489050119 6.301416128873825 419
1786489052702 6.284386396408081 420
1786489055284 6.236295968294144 421
1786489057866 6.2575231194496155 422
1786489060447 6.228979259729385 423
1786489063029 6.281022518873215 424
1786489065611 6.212145686149597 425
1786489068193 6.303165882825851 426
1786489070775 6.236743211746216 427
1786489073357 6.268311142921448 428
1786489075940 6.276598483324051 429
1786489078522 6.226897239685059 430
1786489081105 6.208281308412552 431
1786489083687 6.1757383942604065 432
1786489086269 6.275937885046005 433
1786489088851 6.176498174667358 434
1786489091433 6.241620510816574 435
1786489094016 6.257723361253738 436
1786489096598 6.245367139577866 437
1786489099183 6.2623401284217834 438
1786489101767 6.190311074256897 439
1786489104351 6.216863930225372 440
1786489106934 6.224578410387039 441
1786489109518 6.13589209318161 442
1786489112102 6.207034230232239 443
1786489114691 6.163632720708847 444
1786489117276 6.209562808275223 445
1786489119861 6.161638826131821 446
1786489122448 6.141033738851547 447
1786489125034 6.2325758039951324 448
1786489127618 6.08747786283493 449
1786489130203 6.207681745290756 450
1786489132789 6.180712193250656 451
1786489135377 6.109053611755371 452
1786489137950 6.157771855592728 453
1786489140522 6.142034232616425 454
1786489143098 6.120899736881256 455
1786489145672 6.201670140028 456
1786489148246 6.16512593626976 457
1786489150820 6.089989334344864 458
1786489153394 6.109731703996658 459
1786489155967 6.200414597988129 460
1786489158540 6.098218649625778 461
1786489161114 6.084451496601105 462
1786489163687 6.141310840845108 463
1786489166260 6.125455021858215 464
1786489168834 6.157303422689438 465
1786489171408 6.058405697345734 466
1786489173983 6.1239902675151825 467
1786489176558 6.2141644060611725 468
1786489179131 6.053769290447235 469
1786489181704 6.165121257305145 470
1786489184277 6.1365965604782104 471
1786489186850 6.066607564687729 472
1786489189425 6.096292555332184 473
1786489191999 6.029270827770233 474
1786489194573 6.122860431671143 475
1786489197146 6.03777489066124 476
1786489199718 6.019842118024826 477
1786489202293 6.037587970495224 478
1786489204865 6.076176345348358 479
1786489207451 5.998139262199402 480
1786489210023 6.061393320560455 481
1786489212596 6.076015323400497 482
1786489215171 6.078124821186066 483
1786489217744 6.020896941423416 484
1786489220317 6.0492497980594635 485
1786489222891 6.077578991651535 486
1786489225465 5.997789412736893 487
1786489228039 6.043869853019714 488
1786489230611 6.031204998493195 489
1786489233186 6.036581426858902 490
1786489235760 6.112764686346054 491
1786489238334 5.996112883090973 492
1786489240908 6.0426541566848755 493
1786489243484 6.055077970027924 494
1786489246058 6.002067595720291 495
1786489248632 6.044231861829758 496
1786489251206 5.979851454496384 497
1786489253786 5.992863953113556 498
1786489256368 5.926852971315384 499
1786489267802 6.049038678407669 500
1786489270391 6.014574348926544 501
1786489272973 5.960499703884125 502
1786489275554 6.002889096736908 503
1786489278135 5.934544056653976 504
1786489280717 6.036311328411102 505
1786489283299 5.989172041416168 506
1786489285882 5.954070508480072 507
1786489288466 5.991647094488144 508
1786489291049 6.0458279848098755 509
1786489293634 6.001783937215805 510
1786489296217 6.000428885221481 511
1786489298802 5.971553713083267 512
1786489301388 5.9467131197452545 513
1786489303979 5.9648557305336 514
1786489306564 6.0164549350738525 515
1786489309148 5.944250583648682 516
1786489311732 5.9629537761211395 517
1786489314317 5.95019069314003 518
1786489316902 5.998343497514725 519
1786489319488 5.963171660900116 520
1786489322071 5.962563514709473 521
1786489324654 5.969248533248901 522
1786489327238 5.901586890220642 523
1786489329821 5.942636042833328 524
1786489332404 5.898346483707428 525
1786489334989 5.983975678682327 526
1786489337576 5.964718848466873 527
1786489340160 5.933006972074509 528
1786489342743 5.871264070272446 529
1786489345327 5.917241960763931 530
1786489347910 5.881931245326996 531
1786489350494 5.9329328536987305 532
1786489353077 5.916071385145187 533
1786489355661 5.95594248175621 534
1786489358244 5.885527074337006 535
1786489360827 5.911651760339737 536
1786489363410 5.95469406247139 537
1786489365994 5.852793127298355 538
1786489368578 5.8585841953754425 539
1786489371162 5.930154800415039 540
1786489373745 5.965666115283966 541
1786489376328 5.942138284444809 542
1786489378911 5.902869522571564 543
1786489381494 5.8692395985126495 544
1786489384078 5.845412909984589 545
1786489386662 5.906776130199432 546
1786489389253 5.859598517417908 547
1786489391836 5.855957180261612 548
1786489394420 5.953770846128464 549
1786489397003 5.832350492477417 550
1786489399587 5.850502848625183 551
1786489402171 5.881801784038544 552
1786489404755 5.858219355344772 553
1786489407339 5.840139538049698 554
1786489409923 5.767848342657089 555
1786489412506 5.841505378484726 556
1786489415090 5.889821290969849 557
1786489417674 5.82787099480629 558
1786489420257 5.797441005706787 559
1786489422841 5.816161245107651 560
1786489425423 5.8419148325920105 561
1786489428005 5.807797819375992 562
1786489430589 5.8503150045871735 563
1786489433172 5.825668931007385 564
1786489435757 5.828847497701645 565
1786489438340 5.894188940525055 566
1786489440923 5.861384898424149 567
1786489443506 5.892834544181824 568
1786489446090 5.904270499944687 569
1786489448676 5.753511995077133 570
1786489451256 5.783516466617584 571
1786489453831 5.768457800149918 572
1786489456406 5.7923857271671295 573
1786489458981 5.8526467978954315 574
1786489461557 5.817149490118027 575
1786489464131 5.832677841186523 576
1786489466711 5.807233273983002 577
1786489469292 5.752758711576462 578
1786489471874 5.76786994934082 579
1786489474455 5.767570793628693 580
1786489477037 5.843817085027695 581
1786489479618 5.8199470937252045 582
1786489482199 5.826862990856171 583
1786489484781 5.827362030744553 584
1786489487362 5.741718530654907 585
1786489489945 5.776063859462738 586
1786489492529 5.779044598340988 587
1786489495112 5.815563648939133 588
1786489497695 5.829706162214279 589
1786489500277 5.820879131555557 590
1786489502859 5.785131871700287 591
1786489505440 5.707864761352539 592
1786489508021 5.753191530704498 593
1786489510602 5.733174979686737 594
1786489513184 5.779208928346634 595
1786489515765 5.75996720790863 596
1786489518346 5.736069083213806 597
1786489520927 5.726360529661179 598
1786489523508 5.765925318002701 599
1786489526089 5.877114623785019 600
1786489528672 5.767966121435165 601
1786489531253 5.727168560028076 602
1786489533839 5.764555215835571 603
1786489536423 5.70734316110611 604
1786489539005 5.83114367723465 605
1786489541586 5.769973963499069 606
1786489544167 5.698756128549576 607
1786489546748 5.765123665332794 608
1786489549329 5.798167943954468 609
1786489551910 5.708129495382309 610
1786489554492 5.715314447879791 611
1786489557074 5.765363842248917 612
1786489559658 5.755010545253754 613
1786489562242 5.714766651391983 614
1786489564827 5.7621797025203705 615
1786489567411 5.734426319599152 616
1786489569995 5.730938494205475 617
1786489572579 5.687883168458939 618
1786489575164 5.722062259912491 619
1786489577747 5.7183957397937775 620
1786489580330 5.71300396323204 621
1786489582914 5.733205735683441 622
1786489585498 5.678359925746918 623
1786489588082 5.786704778671265 624
1786489590665 5.710558593273163 625
1786489593248 5.7348745465278625 626
1786489595832 5.688193082809448 627
1786489598417 5.75167989730835 628
1786489601000 5.669827252626419 629
1786489603585 5.704760402441025 630
1786489606168 5.692028164863586 631
1786489608753 5.659199923276901 632
1786489611337 5.649406403303146 633
1786489613921 5.674815058708191 634
1786489616505 5.634041100740433 635
1786489619091 5.568673253059387 636
1786489621674 5.611110150814056 637
1786489624256 5.650712192058563 638
1786489626840 5.65809229016304 639
1786489629424 5.6677427887916565 640
1786489632008 5.664773255586624 641
1786489634591 5.653118401765823 642
1786489637173 5.680012434720993 643
1786489639754 5.634847104549408 644
1786489642336 5.6433514058589935 645
1786489644917 5.696991443634033 646
1786489647499 5.650299608707428 647
1786489650080 5.579726487398148 648
1786489652663 5.5963757038116455 649
1786489655246 5.637396395206451 650
1786489657828 5.664125710725784 651
1786489660410 5.659403383731842 652
1786489662992 5.608985066413879 653
1786489665573 5.6134792268276215 654
1786489668155 5.646481841802597 655
1786489670738 5.674863636493683 656
1786489673322 5.706504762172699 657
1786489675908 5.694813698530197 658
1786489678490 5.616206586360931 659
1786489681073 5.61863374710083 660
1786489683656 5.593325555324554 661
1786489686240 5.617243260145187 662
1786489688825 5.625984072685242 663
1786489691408 5.645339787006378 664
1786489693991 5.605068266391754 665
1786489696573 5.598355084657669 666
1786489699156 5.585478901863098 667
1786489701739 5.599810570478439 668
1786489704324 5.667865097522736 669
1786489706907 5.627939224243164 670
1786489709489 5.606803804636002 671
1786489712072 5.569076985120773 672
1786489714655 5.625214546918869 673
1786489717238 5.642103046178818 674
1786489719821 5.6853631138801575 675
1786489722404 5.642317622900009 676
1786489724987 5.488943547010422 677
1786489727570 5.586270958185196 678
1786489730153 5.647636920213699 679
1786489732736 5.61174875497818 680
1786489735318 5.58404603600502 681
1786489737901 5.574863076210022 682
1786489740484 5.591712534427643 683
1786489743067 5.645059704780579 684
1786489745651 5.664448708295822 685
1786489748234 5.594254374504089 686
1786489750816 5.603099286556244 687
1786489753399 5.5785888731479645 688
1786489755983 5.558798581361771 689
1786489758566 5.617098897695541 690
1786489761149 5.5420602560043335 691
1786489763732 5.565437138080597 692
1786489766315 5.553784221410751 693
1786489768898 5.562167286872864 694
1786489771480 5.515546143054962 695
1786489774062 5.5393262803554535 696
1786489776644 5.551328510046005 697
1786489779226 5.571602076292038 698
1786489781808 5.486976742744446 699
1786489784390 5.578671038150787 700
1786489786973 5.620123237371445 701
1786489789555 5.543581604957581 702
1786489792139 5.498545408248901 703
1786489794715 5.556435972452164 704
1786489797289 5.555043637752533 705
1786489799865 5.5379482209682465 706
1786489802439 5.5539741814136505 707
1786489805013 5.548872262239456 708
1786489807588 5.541988700628281 709
1786489810163 5.523737907409668 710
1786489812737 5.560810804367065 711
1786489815318 5.5138357281684875 712
1786489817904 5.495633184909821 713
1786489820492 5.517984986305237 714
1786489823075 5.473692327737808 715
1786489825659 5.478256583213806 716
1786489828243 5.5223728120327 717
1786489830827 5.570812255144119 718
1786489833410 5.477480500936508 719
1786489835994 5.487412691116333 720
1786489838577 5.540897697210312 721
1786489841161 5.4592702984809875 722
1786489843744 5.510823607444763 723
1786489846330 5.5163576900959015 724
1786489848916 5.493934065103531 725
1786489851499 5.520583212375641 726
1786489854085 5.465647995471954 727
1786489856669 5.425935804843903 728
1786489859253 5.408973813056946 729
1786489861836 5.567726969718933 730
1786489864421 5.508211046457291 731
1786489867006 5.477778315544128 732
1786489869590 5.405989408493042 733
1786489872175 5.494828462600708 734
1786489874759 5.494648844003677 735
1786489877342 5.475130766630173 736
1786489879926 5.462918788194656 737
1786489882510 5.489788144826889 738
1786489885095 5.505205899477005 739
1786489887679 5.486624509096146 740
1786489890262 5.4062046110630035 741
1786489892847 5.44086879491806 742
1786489895431 5.490780740976334 743
1786489898014 5.4675586223602295 744
1786489900598 5.419057667255402 745
1786489903182 5.509854972362518 746
1786489905765 5.515189111232758 747
1786489908349 5.389634847640991 748
1786489910933 5.440932184457779 749
1786489913518 5.442110031843185 750
1786489916102 5.389867186546326 751
1786489918687 5.451396256685257 752
1786489921271 5.422037690877914 753
1786489923855 5.372366011142731 754
1786489926441 5.397148132324219 755
1786489929026 5.443482279777527 756
1786489931610 5.477523058652878 757
1786489934193 5.505169123411179 758
1786489936777 5.428297758102417 759
1786489939361 5.37842720746994 760
1786489941944 5.42432102560997 761
1786489944527 5.4005855321884155 762
1786489947110 5.427753448486328 763
1786489949692 5.434114843606949 764
1786489952274 5.525238275527954 765
1786489954856 5.387502163648605 766
1786489957438 5.352597892284393 767
1786489960020 5.410249978303909 768
1786489962602 5.450901508331299 769
1786489965183 5.423014283180237 770
1786489967765 5.371037095785141 771
1786489970347 5.374945163726807 772
1786489972929 5.479774534702301 773
1786489975510 5.409293830394745 774
1786489978092 5.30914831161499 775
1786489980673 5.3899745643138885 776
1786489983256 5.44064736366272 777
1786489985837 5.335999488830566 778
1786489988419 5.459265291690826 779
1786489991001 5.311423093080521 780
1786489993582 5.405136615037918 781
1786489996163 5.42873278260231 782
1786489998744 5.38198184967041 783
1786490001326 5.355491042137146 784
1786490003907 5.486909776926041 785
1786490006488 5.369110971689224 786
1786490009069 5.430224657058716 787
1786490011651 5.3084787130355835 788
1786490014232 5.425736993551254 789
1786490016815 5.506107717752457 790
1786490019397 5.3487958908081055 791
1786490021981 5.3825260400772095 792
1786490024562 5.391642361879349 793
1786490027144 5.450250148773193 794
1786490029726 5.367250621318817 795
1786490032309 5.261702537536621 796
1786490034890 5.356807619333267 797
1786490037476 5.454032361507416 798
1786490040060 5.489053815603256 799
1786490042642 5.387716084718704 800
1786490045216 5.29393070936203 801
1786490047790 5.359396040439606 802
1786490050375 5.33575376868248 803
1786490052960 5.3333980441093445 804
1786490055544 5.336937695741653 805
1786490058129 5.3700436651706696 806
1786490060715 5.3969763815402985 807
1786490063300 5.374517440795898 808
1786490065885 5.366186052560806 809
1786490068468 5.37371900677681 810
1786490071052 5.411968678236008 811
1786490073641 5.396782755851746 812
1786490076226 5.3213624358177185 813
1786490078813 5.361386775970459 814
1786490081404 5.307277321815491 815
1786490083991 5.292184233665466 816
1786490086574 5.350723564624786 817
1786490089161 5.34291809797287 818
1786490091751 5.3513011038303375 819
1786490094336 5.2830628752708435 820
1786490096922 5.354122757911682 821
1786490099506 5.358607649803162 822
1786490102089 5.3138105273246765 823
1786490104675 5.3807381093502045 824
1786490107276 5.274880915880203 825
1786490109852 5.298543840646744 826
1786490112426 5.356777727603912 827
1786490115001 5.3322062492370605 828
1786490117575 5.26935338973999 829
1786490120150 5.352686882019043 830
1786490122724 5.272875398397446 831
1786490125299 5.398410797119141 832
1786490127872 5.370356351137161 833
1786490130446 5.256343692541122 834
1786490133022 5.323085397481918 835
1786490135596 5.3100593984127045 836
1786490138171 5.292314112186432 837
1786490140746 5.324896842241287 838
1786490143320 5.281443923711777 839
1786490145894 5.295247733592987 840
1786490148468 5.256556868553162 841
1786490151044 5.289706170558929 842
1786490153619 5.311831921339035 843
1786490156194 5.309186667203903 844
1786490158771 5.211492538452148 845
1786490161344 5.227800369262695 846
1786490163918 5.295000970363617 847
1786490166492 5.263018071651459 848
1786490169066 5.301866918802261 849
1786490171640 5.319989085197449 850
1786490174215 5.2172127068042755 851
1786490176797 5.314242720603943 852
1786490179381 5.29263311624527 853
1786490181965 5.259190410375595 854
1786490184548 5.334422379732132 855
1786490187132 5.360448896884918 856
1786490189716 5.2935143411159515 857
1786490192300 5.2805246114730835 858
1786490194884 5.184262990951538 859
1786490197468 5.293862998485565 860
1786490200052 5.3202309012413025 861
1786490202636 5.225352227687836 862
1786490205220 5.230404227972031 863
1786490207805 5.2339251935482025 864
1786490210392 5.2918093502521515 865
1786490212979 5.317941755056381 866
1786490215567 5.289921581745148 867
1786490218152 5.259784430265427 868
1786490220736 5.279581010341644 869
1786490223320 5.180198937654495 870
1786490225908 5.2951648235321045 871
1786490228493 5.26214000582695 872
1786490231077 5.269124805927277 873
1786490233660 5.272968500852585 874
1786490236236 5.35933130979538 875
1786490238813 5.1951693296432495 876
1786490241389 5.280549883842468 877
1786490243964 5.152424842119217 878
1786490246547 5.177910625934601 879
1786490249131 5.228074103593826 880
1786490251717 5.251923859119415 881
1786490254293 5.3209899961948395 882
1786490256869 5.187517821788788 883
1786490259443 5.240971863269806 884
1786490262018 5.270983517169952 885
1786490264592 5.23170068860054 886
1786490267166 5.227176338434219 887
1786490269740 5.178189426660538 888
1786490272322 5.220471680164337 889
1786490274908 5.170815497636795 890
1786490277491 5.180941492319107 891
1786490280075 5.274999678134918 892
1786490282658 5.242002457380295 893
1786490285242 5.320723056793213 894
1786490287826 5.284507304430008 895
1786490290409 5.160809487104416 896
1786490292993 5.175151616334915 897
1786490295577 5.236782044172287 898
1786490298160 5.230874478816986 899
1786490300744 5.254539787769318 900
1786490303328 5.156954109668732 901
1786490305913 5.188455700874329 902
1786490308497 5.147208958864212 903
1786490311080 5.142235070466995 904
1786490313664 5.17430716753006 905
1786490316249 5.219682276248932 906
1786490318832 5.267685115337372 907
1786490321417 5.179915100336075 908
1786490324001 5.2393002808094025 909
1786490326585 5.224927514791489 910
1786490329170 5.139700949192047 911
1786490331762 5.185140252113342 912
1786490334347 5.228457152843475 913
1786490336928 5.147314041852951 914
1786490339510 5.22123920917511 915
1786490342092 5.191285014152527 916
1786490344670 5.139554798603058 917
1786490347254 5.204105168581009 918
1786490349838 5.167545318603516 919
1786490352422 5.188509583473206 920
1786490355006 5.166666626930237 921
1786490357588 5.245476424694061 922
1786490360171 5.16370353102684 923
1786490362755 5.12673282623291 924
1786490365339 5.161118030548096 925
1786490367923 5.225739926099777 926
1786490370506 5.160610467195511 927
1786490373089 5.137210249900818 928
1786490375671 5.138207912445068 929
1786490378253 5.206894218921661 930
1786490380835 5.206348121166229 931
1786490383417 5.13502237200737 932
1786490385997 5.082286775112152 933
1786490388579 5.200072705745697 934
1786490391163 5.13239786028862 935
1786490393745 5.152944952249527 936
1786490396330 5.148837685585022 937
1786490398910 5.251501560211182 938
1786490401490 5.064881533384323 939
1786490404072 5.094600677490234 940
1786490406652 5.06220418214798 941
1786490409232 5.1361391842365265 942
1786490411814 5.1388334929943085 943
1786490414395 5.162220686674118 944
1786490416977 5.142439931631088 945
1786490419559 5.134420156478882 946
1786490422141 5.146537154912949 947
1786490424723 5.197328835725784 948
1786490427304 5.134882867336273 949
1786490429886 5.076711535453796 950
1786490432468 5.20458197593689 951
1786490435051 5.155976235866547 952
1786490437633 5.1592718064785 953
1786490440214 5.14296880364418 954
1786490442796 5.126882970333099 955
1786490445377 5.145080000162125 956
1786490447959 5.119192570447922 957
1786490450542 5.162263035774231 958
1786490453125 5.12297922372818 959
1786490455706 5.1050132513046265 960
1786490458288 5.1985136568546295 961
1786490460870 5.157394081354141 962
1786490463452 5.133733510971069 963
1786490466034 5.136425763368607 964
1786490468618 5.1580740213394165 965
1786490471200 5.147864907979965 966
1786490473782 5.204179972410202 967
1786490476363 5.096037596464157 968
1786490478945 5.1465964615345 969
1786490481528 5.1063438057899475 970
1786490484110 5.133201032876968 971
1786490486692 5.130301207304001 972
1786490489273 5.132151812314987 973
1786490491856 5.158446282148361 974
1786490494438 5.004355162382126 975
1786490497020 5.080689698457718 976
1786490499601 5.109086215496063 977
1786490502184 5.1556927263736725 978
1786490504766 5.146796137094498 979
1786490507347 5.108851730823517 980
1786490509929 5.111367464065552 981
1786490512513 5.152933180332184 982
1786490515097 5.096257209777832 983
1786490517677 5.099710911512375 984
1786490520257 5.179908484220505 985
1786490522838 5.120592653751373 986
1786490525420 5.054652214050293 987
1786490528002 5.108049303293228 988
1786490530584 5.0472250282764435 989
1786490533166 5.042611181735992 990
1786490535748 5.0388374626636505 991
1786490538329 4.9994160532951355 992
1786490540911 5.076105862855911 993
1786490543493 5.1180260181427 994
1786490546074 5.1271794736385345 995
1786490548656 5.077511012554169 996
1786490551238 5.087362885475159 997
1786490553819 5.04676228761673 998
1786490556402 5.1285355389118195 999
1786490564476 5.1269669234752655 1000
1786490567058 5.1036010682582855 1001
1786490569642 5.05730739235878 1002
1786490572226 5.107351750135422 1003
1786490574809 5.193735778331757 1004
1786490577391 5.013862192630768 1005
1786490579975 5.003093630075455 1006
1786490582558 5.0471877455711365 1007
1786490585142 5.071353882551193 1008
1786490587725 5.095480442047119 1009
1786490590308 5.069922029972076 1010
1786490592892 5.062234491109848 1011
1786490595476 5.009287744760513 1012
1786490598065 4.995727062225342 1013
1786490600649 5.049309700727463 1014
1786490603232 5.061237990856171 1015
1786490605818 4.954833924770355 1016
1786490608405 5.031763821840286 1017
1786490610997 5.054815828800201 1018
1786490613583 5.042845636606216 1019
1786490616168 5.034228622913361 1020
1786490618752 5.079398602247238 1021
1786490621334 4.966495007276535 1022
1786490623917 5.099065572023392 1023
1786490626500 5.079934865236282 1024
1786490629087 5.0807883739471436 1025
1786490631676 5.048934638500214 1026
1786490634259 5.028737634420395 1027
1786490636841 5.031884610652924 1028
1786490639423 5.017944127321243 1029
1786490642004 5.006857752799988 1030
1786490644585 4.993165731430054 1031
1786490647168 5.051224052906036 1032
1786490649749 5.04869931936264 1033
1786490652331 5.037642329931259 1034
1786490654912 5.025842070579529 1035
1786490657493 5.074631780385971 1036
1786490660075 5.085727244615555 1037
1786490662657 5.044308602809906 1038
1786490665240 5.035262584686279 1039
1786490667822 5.060089200735092 1040
1786490670403 5.040907979011536 1041
1786490672985 4.993566572666168 1042
1786490675567 5.0171792805194855 1043
1786490678149 5.057663649320602 1044
1786490680731 4.982769578695297 1045
1786490683312 5.081665575504303 1046
1786490685893 5.012113392353058 1047
1786490688474 5.033422917127609 1048
1786490691057 5.003095507621765 1049
1786490693640 4.951847225427628 1050
1786490696223 5.044777512550354 1051
1786490698804 4.969210684299469 1052
1786490701386 4.915700346231461 1053
1786490703968 4.982010155916214 1054
1786490706550 4.954479217529297 1055
1786490709131 5.002558350563049 1056
1786490711713 4.933394253253937 1057
1786490714295 4.9501674473285675 1058
1786490716876 4.981435567140579 1059
1786490719460 4.902197033166885 1060
1786490722044 4.999901384115219 1061
1786490724627 4.916467040777206 1062
1786490727208 4.9919449388980865 1063
1786490729791 5.016470164060593 1064
1786490732374 5.020074725151062 1065
1786490734956 4.957540988922119 1066
1786490737538 4.912419080734253 1067
1786490740119 4.973951488733292 1068
1786490742702 4.978122413158417 1069
1786490745283 4.975244402885437 1070
1786490747865 4.965957880020142 1071
1786490750450 4.921654164791107 1072
1786490753033 4.975151181221008 1073
1786490755616 4.984127402305603 1074
1786490758193 4.950922757387161 1075
1786490760776 4.992520034313202 1076
1786490763361 4.9497770965099335 1077
1786490765945 4.960200488567352 1078
1786490768529 5.002702713012695 1079
1786490771112 5.017962038516998 1080
1786490773696 4.903835445642471 1081
1786490776280 5.016932487487793 1082
1786490778863 4.9823353588581085 1083
1786490781445 4.950440585613251 1084
1786490784029 4.911662817001343 1085
1786490786612 5.0577400624752045 1086
1786490789194 4.983514338731766 1087
1786490791776 4.975037485361099 1088
1786490794360 5.007392048835754 1089
1786490796943 4.897517532110214 1090
1786490799525 4.940697938203812 1091
1786490802107 5.014128774404526 1092
1786490804689 4.89113375544548 1093
1786490807270 4.946510016918182 1094
1786490809852 4.958941280841827 1095
1786490812436 5.000996261835098 1096
1786490815021 5.085409015417099 1097
1786490817604 4.948671460151672 1098
1786490820187 4.925570458173752 1099
1786490822771 4.97492253780365 1100
1786490825354 4.9936599135398865 1101
1786490827943 4.909848988056183 1102
1786490830529 4.969829678535461 1103
1786490833113 4.936713874340057 1104
1786490835695 4.885358363389969 1105
1786490838277 4.935116767883301 1106
1786490840860 5.014554589986801 1107
1786490843442 4.932418465614319 1108
1786490846025 4.968474894762039 1109
1786490848607 4.952967673540115 1110
1786490851191 4.937932789325714 1111
1786490853774 4.9394820630550385 1112
1786490856356 4.999793708324432 1113
1786490858938 4.953941762447357 1114
1786490861522 4.975645035505295 1115
1786490864104 4.9916908740997314 1116
1786490866686 4.89725723862648 1117
1786490869269 4.816880255937576 1118
1786490871852 4.895757764577866 1119
1786490874435 4.97660169005394 1120
1786490877018 4.885548174381256 1121
1786490879600 4.945676267147064 1122
1786490882182 4.893418222665787 1123
1786490884763 4.903034120798111 1124
1786490887345 4.889382898807526 1125
1786490889928 4.934468299150467 1126
1786490892510 4.905605792999268 1127
1786490895093 4.963598608970642 1128
1786490897676 4.914830714464188 1129
1786490900262 4.92702704668045 1130
1786490902847 4.935559958219528 1131
1786490905435 4.968054533004761 1132
1786490908020 4.933503657579422 1133
1786490910603 4.897772550582886 1134
1786490913186 4.866863697767258 1135
1786490915769 4.9542712569236755 1136
1786490918352 4.882947146892548 1137
1786490920935 4.892971754074097 1138
1786490923517 4.927896708250046 1139
1786490926107 4.931989759206772 1140
1786490928689 4.906551688909531 1141
1786490931272 4.862859815359116 1142
1786490933855 4.887577593326569 1143
1786490936439 4.832003742456436 1144
1786490939022 4.921551436185837 1145
1786490941605 4.8732172548770905 1146
1786490944188 4.963011771440506 1147
1786490946772 4.938185423612595 1148
1786490949351 4.860715717077255 1149
1786490951926 4.761092633008957 1150
1786490954499 4.865209192037582 1151
1786490957074 4.864916831254959 1152
1786490959658 4.886484146118164 1153
1786490962242 4.822948306798935 1154
1786490964821 4.8045238852500916 1155
1786490967395 4.874742358922958 1156
1786490969974 4.94732591509819 1157
1786490972549 4.924487620592117 1158
1786490975124 4.942986637353897 1159
1786490977697 4.928769886493683 1160
1786490980271 4.843418538570404 1161
1786490982844 4.8804254829883575 1162
1786490985417 4.817703902721405 1163
1786490987995 4.840476155281067 1164
1786490990575 4.922866582870483 1165
1786490993158 4.958430588245392 1166
1786490995738 4.884104549884796 1167
1786490998319 4.808590650558472 1168
1786491000899 4.888176798820496 1169
1786491003482 4.827240198850632 1170
1786491006078 4.853899508714676 1171
1786491008660 4.84637850522995 1172
1786491011246 4.925932914018631 1173
1786491013821 4.863397389650345 1174
1786491016394 4.877769321203232 1175
1786491018968 4.865979760885239 1176
1786491021550 4.831292062997818 1177
1786491024133 4.859823226928711 1178
1786491026715 4.873949706554413 1179
1786491029289 4.833216309547424 1180
1786491031864 4.856225311756134 1181
1786491034438 4.855654299259186 1182
1786491037012 4.87900698184967 1183
1786491039587 4.820883512496948 1184
1786491042162 4.8458080887794495 1185
1786491044737 4.8234856724739075 1186
1786491047313 4.804986834526062 1187
1786491049887 4.785857766866684 1188
1786491052463 4.838081210851669 1189
1786491055037 4.96881428360939 1190
1786491057611 4.846388965845108 1191
1786491060185 4.829784780740738 1192
1786491062758 4.8218934237957 1193
1786491065332 4.930527955293655 1194
1786491067905 4.690214425325394 1195
1786491070478 4.80573633313179 1196
1786491073053 4.831168979406357 1197
1786491075626 4.844463437795639 1198
1786491078199 4.837320685386658 1199
1786491080772 4.878107279539108 1200
1786491083345 4.756574302911758 1201
1786491085918 4.841216057538986 1202
1786491088492 4.781572461128235 1203
1786491091065 4.842732697725296 1204
1786491093638 4.848183840513229 1205
1786491096213 4.86273455619812 1206
1786491098788 4.833000600337982 1207
1786491101369 4.840058445930481 1208
1786491103951 4.797495752573013 1209
1786491106532 4.828880220651627 1210
1786491109114 4.862329602241516 1211
1786491111696 4.873188227415085 1212
1786491114278 4.820915639400482 1213
1786491116858 4.858709037303925 1214
1786491119440 4.874678701162338 1215
1786491122022 4.795144289731979 1216
1786491124602 4.829783111810684 1217
1786491127184 4.8308128118515015 1218
1786491129766 4.785997837781906 1219
1786491132348 4.817718416452408 1220
1786491134929 4.768459588289261 1221
1786491137512 4.794599503278732 1222
1786491140093 4.769410312175751 1223
1786491142674 4.87814137339592 1224
1786491145255 4.776178687810898 1225
1786491147837 4.837440729141235 1226
1786491150417 4.819600909948349 1227
1786491152999 4.832413494586945 1228
1786491155580 4.9079062938690186 1229
1786491158163 4.888441771268845 1230
1786491160744 4.765716314315796 1231
1786491163328 4.839250713586807 1232
1786491165909 4.746524423360825 1233
1786491168493 4.841612130403519 1234
1786491171079 4.815798580646515 1235
1786491173663 4.809773087501526 1236
1786491176246 4.75809508562088 1237
1786491178829 4.795280367136002 1238
1786491181410 4.807959884405136 1239
1786491183991 4.778628796339035 1240
1786491186575 4.804033279418945 1241
1786491189158 4.776375949382782 1242
1786491191744 4.752490758895874 1243
1786491194327 4.757727414369583 1244
1786491196909 4.731340140104294 1245
1786491199491 4.738321870565414 1246
1786491202072 4.749307036399841 1247
1786491204654 4.825433045625687 1248
1786491207236 4.770806819200516 1249
1786491209818 4.775938987731934 1250
1786491212399 4.850933611392975 1251
1786491214981 4.742338061332703 1252
1786491217562 4.750936686992645 1253
1786491220143 4.871513813734055 1254
1786491222724 4.78268039226532 1255
1786491225305 4.78547939658165 1256
1786491227887 4.8036176562309265 1257
1786491230470 4.755243927240372 1258
1786491233053 4.76497095823288 1259
1786491235635 4.754878669977188 1260
1786491238217 4.733668386936188 1261
1786491240798 4.750119715929031 1262
1786491243379 4.7767519652843475 1263
1786491245961 4.742186337709427 1264
1786491248546 4.730937033891678 1265
1786491251131 4.740922749042511 1266
1786491253718 4.839488357305527 1267
1786491256302 4.776920408010483 1268
1786491258891 4.825037568807602 1269
1786491261476 4.723499357700348 1270
1786491264063 4.71986398100853 1271
1786491266646 4.830922096967697 1272
1786491269245 4.782148122787476 1273
1786491271828 4.712494224309921 1274
1786491274412 4.795122891664505 1275
1786491276996 4.679841369390488 1276
1786491279580 4.682483285665512 1277
1786491282163 4.776817053556442 1278
1786491284746 4.734048455953598 1279
1786491287329 4.70431113243103 1280
1786491289915 4.748921573162079 1281
1786491292501 4.735024064779282 1282
1786491295090 4.824816942214966 1283
1786491297675 4.754165589809418 1284
1786491300258 4.7043642699718475 1285
1786491302842 4.715027362108231 1286
1786491305425 4.782840937376022 1287
1786491308008 4.71870619058609 1288
1786491310591 4.819226682186127 1289
1786491313173 4.740348249673843 1290
1786491315758 4.810389488935471 1291
1786491318340 4.691929966211319 1292
1786491320922 4.745014309883118 1293
1786491323505 4.7691375613212585 1294
1786491326087 4.820962488651276 1295
1786491328669 4.762373507022858 1296
1786491331251 4.728170216083527 1297
1786491333835 4.732872635126114 1298
1786491336417 4.68428960442543 1299
1786491338998 4.712824493646622 1300
1786491341578 4.694822430610657 1301
1786491344158 4.714136242866516 1302
1786491346739 4.679803043603897 1303
1786491349320 4.693333774805069 1304
1786491351901 4.751133680343628 1305
1786491354481 4.7118677496910095 1306
1786491357064 4.826343238353729 1307
1786491359645 4.756053686141968 1308
1786491362223 4.729166716337204 1309
1786491364795 4.735496520996094 1310
1786491367369 4.749734699726105 1311
1786491369941 4.722361356019974 1312
1786491372514 4.679660677909851 1313
1786491375086 4.719339102506638 1314
1786491377661 4.755437791347504 1315
1786491380233 4.671800315380096 1316
1786491382806 4.628559798002243 1317
1786491385378 4.696370512247086 1318
1786491387951 4.6904036700725555 1319
1786491390523 4.649930119514465 1320
1786491393096 4.754081875085831 1321
1786491395668 4.681272089481354 1322
1786491398242 4.717072248458862 1323
1786491400815 4.66881600022316 1324
1786491403388 4.647083669900894 1325
1786491405960 4.672308951616287 1326
1786491408533 4.744164317846298 1327
1786491411105 4.71944722533226 1328
1786491413678 4.673835426568985 1329
1786491416250 4.747036904096603 1330
1786491418823 4.653219044208527 1331
1786491421397 4.656122535467148 1332
1786491423970 4.702025830745697 1333
1786491426542 4.686153411865234 1334
1786491429115 4.697264343500137 1335
1786491431688 4.6410607397556305 1336
1786491434262 4.689404338598251 1337
1786491436835 4.671844035387039 1338
1786491439410 4.682235419750214 1339
1786491441995 4.715636134147644 1340
1786491444578 4.6552287340164185 1341
1786491447161 4.7230178117752075 1342
1786491449744 4.606565624475479 1343
1786491452329 4.673715591430664 1344
1786491454919 4.6834390461444855 1345
1786491457512 4.711476147174835 1346
1786491460103 4.706611633300781 1347
1786491462694 4.633936643600464 1348
1786491465286 4.618291139602661 1349
1786491467877 4.673156231641769 1350
1786491470469 4.674955725669861 1351
1786491473062 4.6708806455135345 1352
1786491475651 4.667358726263046 1353
1786491478243 4.6707243621349335 1354
1786491480834 4.665075778961182 1355
1786491483425 4.701407313346863 1356
1786491486019 4.620741665363312 1357
1786491488603 4.693710476160049 1358
1786491491187 4.722160279750824 1359
1786491493772 4.634065389633179 1360
1786491496355 4.651679664850235 1361
1786491498944 4.721322804689407 1362
1786491501526 4.634198486804962 1363
1786491504109 4.6835305988788605 1364
1786491506691 4.625119268894196 1365
1786491509273 4.691147983074188 1366
1786491511854 4.5744543969631195 1367
1786491514437 4.628919690847397 1368
1786491517020 4.651508182287216 1369
1786491519602 4.680445641279221 1370
1786491522184 4.605337470769882 1371
1786491524765 4.68531408905983 1372
1786491527348 4.6552324295043945 1373
1786491529930 4.676120728254318 1374
1786491532514 4.6752288937568665 1375
1786491535096 4.63232159614563 1376
1786491537679 4.610443860292435 1377
1786491540261 4.659093141555786 1378
1786491542844 4.637945204973221 1379
1786491545428 4.601278156042099 1380
1786491548010 4.556065768003464 1381
1786491550593 4.599795490503311 1382
1786491553176 4.624688655138016 1383
1786491555759 4.564912438392639 1384
1786491558343 4.591821849346161 1385
1786491560924 4.615415394306183 1386
1786491563506 4.668992459774017 1387
1786491566087 4.5964215695858 1388
1786491568669 4.602114498615265 1389
1786491571250 4.678590357303619 1390
1786491573831 4.564489036798477 1391
1786491576413 4.540938645601273 1392
1786491578995 4.580634623765945 1393
1786491581576 4.6297003626823425 1394
1786491584161 4.586516082286835 1395
1786491586742 4.652134031057358 1396
1786491589317 4.60351437330246 1397
1786491591891 4.595109283924103 1398
1786491594464 4.657715618610382 1399
1786491597043 4.605450659990311 1400
1786491599617 4.515578120946884 1401
1786491602190 4.600074589252472 1402
1786491604765 4.522182136774063 1403
1786491607340 4.601190388202667 1404
1786491609914 4.614287614822388 1405
1786491612487 4.619792103767395 1406
1786491615069 4.547316312789917 1407
1786491617653 4.535668760538101 1408
1786491620235 4.593153774738312 1409
1786491622818 4.593390554189682 1410
1786491625400 4.682249069213867 1411
1786491627984 4.660848289728165 1412
1786491630568 4.64264577627182 1413
1786491633152 4.691449463367462 1414
1786491635736 4.647851794958115 1415
1786491638320 4.579683840274811 1416
1786491640903 4.561044782400131 1417
1786491643487 4.541574984788895 1418
1786491646070 4.59797015786171 1419
1786491648654 4.62063056230545 1420
1786491651239 4.629564195871353 1421
1786491653822 4.53804686665535 1422
1786491656406 4.580420672893524 1423
1786491658989 4.536200910806656 1424
1786491661573 4.6051570773124695 1425
1786491664155 4.584353864192963 1426
1786491666737 4.499580562114716 1427
1786491669319 4.513290077447891 1428
1786491671902 4.5537512600421906 1429
1786491674484 4.63169327378273 1430
1786491677065 4.556075751781464 1431
1786491679647 4.623779296875 1432
1786491682229 4.549092799425125 1433
1786491684810 4.557297259569168 1434
1786491687391 4.544630140066147 1435
1786491689973 4.5796007215976715 1436
1786491692555 4.636618942022324 1437
1786491695138 4.589682161808014 1438
1786491697721 4.591332852840424 1439
1786491700308 4.591264247894287 1440
1786491702894 4.6414662301540375 1441
1786491705476 4.58852082490921 1442
1786491708057 4.634732604026794 1443
1786491710639 4.550055772066116 1444
1786491713223 4.520505130290985 1445
1786491715806 4.589891076087952 1446
1786491718389 4.613034337759018 1447
1786491720972 4.5615233182907104 1448
1786491723555 4.556274652481079 1449
1786491726143 4.496953696012497 1450
1786491728729 4.493648648262024 1451
1786491731312 4.6482590436935425 1452
1786491733895 4.583076894283295 1453
1786491736477 4.501516580581665 1454
1786491739059 4.482729375362396 1455
1786491741642 4.51497146487236 1456
1786491744225 4.5581687688827515 1457
1786491746808 4.56994041800499 1458
1786491749390 4.572738021612167 1459
1786491751973 4.527605801820755 1460
1786491754556 4.4764218628406525 1461
1786491757139 4.572403520345688 1462
1786491759723 4.586188226938248 1463
1786491762307 4.510423243045807 1464
1786491764890 4.584561228752136 1465
1786491767472 4.544236481189728 1466
1786491770058 4.526709079742432 1467
1786491772640 4.5212558805942535 1468
1786491775223 4.492378085851669 1469
1786491777804 4.488576263189316 1470
1786491780386 4.592530071735382 1471
1786491782967 4.505944103002548 1472
1786491785550 4.6000900864601135 1473
1786491788132 4.512074291706085 1474
1786491790713 4.467179298400879 1475
1786491793296 4.573321163654327 1476
1786491795877 4.519494324922562 1477
1786491798458 4.559652119874954 1478
1786491801039 4.55459401011467 1479
1786491803621 4.477445691823959 1480
1786491806202 4.447428643703461 1481
1786491808785 4.443077027797699 1482
1786491811367 4.500000447034836 1483
1786491813948 4.408564984798431 1484
1786491816530 4.513092875480652 1485
1786491819112 4.53177410364151 1486
1786491821695 4.490406930446625 1487
1786491824277 4.518808126449585 1488
1786491826860 4.571396738290787 1489
1786491829441 4.486737877130508 1490
1786491832023 4.507755905389786 1491
1786491834605 4.508171021938324 1492
1786491837191 4.435694336891174 1493
1786491839774 4.567002147436142 1494
1786491842347 4.5309047400951385 1495
1786491844920 4.445016086101532 1496
1786491847493 4.5253100991249084 1497
1786491850067 4.384604513645172 1498
1786491852640 4.488858073949814 1499
1786491857672 4.49924173951149 1500
1786491860247 4.525113224983215 1501
1786491862822 4.499628335237503 1502
1786491865396 4.44261160492897 1503
1786491867970 4.478740245103836 1504
1786491870544 4.484713494777679 1505
1786491873119 4.533897131681442 1506
1786491875693 4.499737858772278 1507
1786491878267 4.51963010430336 1508
1786491880841 4.525456875562668 1509
1786491883416 4.475011616945267 1510
1786491885990 4.584441065788269 1511
1786491888564 4.501195818185806 1512
1786491891141 4.522855520248413 1513
1786491893717 4.5134336948394775 1514
1786491896294 4.471548914909363 1515
1786491898869 4.40810626745224 1516
1786491901443 4.368463292717934 1517
1786491904018 4.441856324672699 1518
1786491906601 4.514129161834717 1519
1786491909176 4.554907441139221 1520
1786491911750 4.510418504476547 1521
1786491914326 4.504615098237991 1522
1786491916901 4.4035983979702 1523
1786491919475 4.514536499977112 1524
1786491922054 4.384179592132568 1525
1786491924638 4.491054475307465 1526
1786491927221 4.524038732051849 1527
1786491929805 4.447981983423233 1528
1786491932388 4.517690151929855 1529
1786491934971 4.414397284388542 1530
1786491937555 4.477825582027435 1531
1786491940139 4.433488547801971 1532
1786491942722 4.509943872690201 1533
1786491945305 4.465999722480774 1534
1786491947887 4.470105171203613 1535
1786491950472 4.42273411154747 1536
1786491953055 4.492095768451691 1537
1786491955637 4.508428871631622 1538
1786491958221 4.466324001550674 1539
1786491960804 4.39861935377121 1540
1786491963386 4.442474782466888 1541
1786491965968 4.455132573843002 1542
1786491968553 4.540720224380493 1543
1786491971139 4.444191724061966 1544
1786491973725 4.390188604593277 1545
1786491976310 4.399746686220169 1546
1786491978893 4.466510504484177 1547
1786491981477 4.459877371788025 1548
1786491984062 4.378841787576675 1549
1786491986648 4.47300061583519 1550
1786491989233 4.442888587713242 1551
1786491991818 4.386761277914047 1552
1786491994401 4.400820553302765 1553
1786491996986 4.405596524477005 1554
1786491999573 4.397377699613571 1555
1786492002156 4.425469905138016 1556
1786492004739 4.488731354475021 1557
1786492007322 4.443412616848946 1558
1786492009904 4.3925961554050446 1559
1786492012487 4.41456250846386 1560
1786492015070 4.445308655500412 1561
1786492017653 4.427872717380524 1562
1786492020236 4.410442739725113 1563
1786492022820 4.369193404912949 1564
1786492025403 4.361271440982819 1565
1786492027986 4.395065575838089 1566
1786492030569 4.376670256257057 1567
1786492033152 4.405303925275803 1568
1786492035734 4.410131067037582 1569
1786492038316 4.485971182584763 1570
1786492040899 4.377637207508087 1571
1786492043483 4.411971062421799 1572
1786492046065 4.362568974494934 1573
1786492048649 4.464750051498413 1574
1786492051232 4.44173276424408 1575
1786492053818 4.539854139089584 1576
1786492056403 4.406238287687302 1577
1786492058987 4.387236833572388 1578
1786492061570 4.425758868455887 1579
1786492064152 4.380682319402695 1580
1786492066734 4.340134233236313 1581
1786492069316 4.376827836036682 1582
1786492071899 4.389664053916931 1583
1786492074481 4.403893351554871 1584
1786492077064 4.3554641008377075 1585
1786492079646 4.4424494206905365 1586
1786492082229 4.468485057353973 1587
1786492084811 4.434154033660889 1588
1786492087394 4.496206134557724 1589
1786492089978 4.496866375207901 1590
1786492092560 4.5019747614860535 1591
1786492095143 4.447158515453339 1592
1786492097724 4.3484621942043304 1593
1786492100306 4.35104900598526 1594
1786492102890 4.5110043585300446 1595
1786492105474 4.43585804104805 1596
1786492108057 4.482235282659531 1597
1786492110641 4.377912059426308 1598
1786492113225 4.42169576883316 1599
1786492115809 4.457650691270828 1600
1786492118393 4.3835024535655975 1601
1786492120980 4.38538458943367 1602
1786492123567 4.301655530929565 1603
1786492126148 4.378712445497513 1604
1786492128730 4.441409796476364 1605
1786492131313 4.358662575483322 1606
1786492133900 4.403274983167648 1607
1786492136486 4.431753158569336 1608
1786492139071 4.3685393035411835 1609
1786492141656 4.493972569704056 1610
1786492144241 4.422501266002655 1611
1786492146828 4.343985140323639 1612
1786492149411 4.422965258359909 1613
1786492151995 4.395444601774216 1614
1786492154580 4.370199799537659 1615
1786492157164 4.445080608129501 1616
1786492159748 4.3262618482112885 1617
1786492162331 4.380887031555176 1618
1786492164915 4.406552463769913 1619
1786492167498 4.351182743906975 1620
1786492170081 4.401498794555664 1621
1786492172665 4.377032667398453 1622
1786492175249 4.4416863322258 1623
1786492177833 4.384209096431732 1624
1786492180417 4.309874191880226 1625
1786492183001 4.393468677997589 1626
1786492185585 4.410762906074524 1627
1786492188169 4.364454060792923 1628
1786492190753 4.418323904275894 1629
1786492193338 4.46969199180603 1630
1786492195928 4.384500980377197 1631
1786492198514 4.453598469495773 1632
1786492201097 4.36857108771801 1633
1786492203680 4.347714722156525 1634
1786492206262 4.356295883655548 1635
1786492208846 4.32963353395462 1636
1786492211428 4.386350929737091 1637
1786492214011 4.330374464392662 1638
1786492216592 4.397987455129623 1639
1786492219176 4.433999717235565 1640
1786492221759 4.366257160902023 1641
1786492224343 4.383411347866058 1642
1786492226928 4.426005274057388 1643
1786492229512 4.425334960222244 1644
1786492232095 4.382617890834808 1645
1786492234679 4.35197189450264 1646
1786492237263 4.298950597643852 1647
1786492239847 4.398893266916275 1648
1786492242430 4.400761306285858 1649
1786492245014 4.404918044805527 1650
1786492247598 4.377786159515381 1651
1786492250186 4.3753615617752075 1652
1786492252772 4.365072041749954 1653
1786492255348 4.416744649410248 1654
1786492257924 4.330272525548935 1655
1786492260498 4.4216514229774475 1656
1786492263073 4.390274405479431 1657
1786492265648 4.360019624233246 1658
1786492268225 4.4106389582157135 1659
1786492270808 4.304633051156998 1660
1786492273391 4.370413303375244 1661
1786492275975 4.325013637542725 1662
1786492278562 4.399302750825882 1663
1786492281146 4.365312904119492 1664
1786492283730 4.36903803050518 1665
1786492286317 4.344327390193939 1666
1786492288902 4.319507718086243 1667
1786492291487 4.302999556064606 1668
1786492294071 4.341030403971672 1669
1786492296656 4.258283466100693 1670
1786492299240 4.3932749927043915 1671
1786492301825 4.392986387014389 1672
1786492304409 4.258862763643265 1673
1786492306993 4.319432735443115 1674
1786492309578 4.414237409830093 1675
1786492312166 4.370005816221237 1676
1786492314751 4.291024833917618 1677
1786492317337 4.361443251371384 1678
1786492319921 4.360288560390472 1679
1786492322507 4.316896170377731 1680
1786492325092 4.382202535867691 1681
1786492327676 4.379027605056763 1682
1786492330260 4.309608057141304 1683
1786492332844 4.4124477207660675 1684
1786492335423 4.370524376630783 1685
1786492337997 4.358884215354919 1686
1786492340572 4.322217166423798 1687
1786492343146 4.3995789885520935 1688
1786492345721 4.353393971920013 1689
1786492348295 4.337214678525925 1690
1786492350871 4.392007619142532 1691
1786492353447 4.271582186222076 1692
1786492356023 4.36020702123642 1693
1786492358599 4.290159046649933 1694
1786492361173 4.351215660572052 1695
1786492363747 4.3182191252708435 1696
1786492366321 4.406289488077164 1697
1786492368895 4.298451691865921 1698
1786492371470 4.377361387014389 1699
1786492374045 4.341820418834686 1700
1786492376619 4.433564364910126 1701
1786492379193 4.358543664216995 1702
1786492381767 4.254811227321625 1703
1786492384342 4.398565709590912 1704
1786492386917 4.457825750112534 1705
1786492389491 4.2849525809288025 1706
1786492392065 4.390241384506226 1707
1786492394639 4.309884533286095 1708
1786492397214 4.342552423477173 1709
1786492399788 4.400900185108185 1710
1786492402362 4.360479339957237 1711
1786492404936 4.31116983294487 1712
1786492407510 4.339559271931648 1713
1786492410085 4.394116669893265 1714
1786492412659 4.445867478847504 1715
1786492415236 4.271801710128784 1716
1786492417811 4.252170741558075 1717
1786492420385 4.315658077597618 1718
1786492422959 4.344024837017059 1719
1786492425534 4.359463855624199 1720
1786492428108 4.379123866558075 1721
1786492430682 4.353014975786209 1722
1786492433258 4.423984915018082 1723
1786492435834 4.257821589708328 1724
1786492438408 4.2842278480529785 1725
1786492440982 4.300391227006912 1726
1786492443556 4.2878898829221725 1727
1786492446131 4.3436057567596436 1728
1786492448706 4.2816002368927 1729
1786492451280 4.315562874078751 1730
1786492453854 4.312890335917473 1731
1786492456428 4.243947684764862 1732
1786492459006 4.247157230973244 1733
1786492461579 4.281418636441231 1734
1786492464154 4.3267519772052765 1735
1786492466729 4.29078683257103 1736
1786492469303 4.367921680212021 1737
1786492471877 4.262492820620537 1738
1786492474451 4.25418558716774 1739
1786492477025 4.398619651794434 1740
1786492479607 4.241842299699783 1741
1786492482191 4.3231382966041565 1742
1786492484773 4.331370145082474 1743
1786492487355 4.331373691558838 1744
1786492489937 4.276579782366753 1745
1786492492523 4.382681131362915 1746
1786492495107 4.33298134803772 1747
1786492497690 4.368157595396042 1748
1786492500274 4.275033414363861 1749
1786492502856 4.226772889494896 1750
1786492505440 4.36703085899353 1751
1786492508024 4.3105602860450745 1752
1786492510606 4.311067506670952 1753
1786492513191 4.297429084777832 1754
1786492515777 4.320491641759872 1755
1786492518363 4.252290695905685 1756
1786492520947 4.246148526668549 1757
1786492523532 4.210796982049942 1758
1786492526117 4.24300491809845 1759
1786492528702 4.306881099939346 1760
1786492531290 4.279582113027573 1761
1786492533875 4.270980715751648 1762
1786492536460 4.317223206162453 1763
1786492539045 4.281883120536804 1764
1786492541629 4.299509912729263 1765
1786492544215 4.298617035150528 1766
1786492546806 4.349493592977524 1767
1786492549389 4.281223997473717 1768
1786492551973 4.326487064361572 1769
1786492554556 4.278615817427635 1770
1786492557140 4.308565318584442 1771
1786492559724 4.304648607969284 1772
1786492562301 4.245460331439972 1773
1786492564878 4.35538575053215 1774
1786492567454 4.236554458737373 1775
1786492570030 4.222045123577118 1776
1786492572605 4.366638362407684 1777
1786492575181 4.404137939214706 1778
1786492577762 4.337631016969681 1779
1786492580354 4.223465412855148 1780
1786492582937 4.300847083330154 1781
1786492585521 4.347220778465271 1782
1786492588104 4.271063789725304 1783
1786492590688 4.256900250911713 1784
1786492593271 4.316217988729477 1785
1786492595850 4.27249813079834 1786
1786492598424 4.300647675991058 1787
1786492600999 4.2512719333171844 1788
1786492603573 4.2424556612968445 1789
1786492606148 4.293949574232101 1790
1786492608722 4.296717077493668 1791
1786492611296 4.193364083766937 1792
1786492613872 4.244756639003754 1793
1786492616446 4.275480955839157 1794
1786492619020 4.26949816942215 1795
1786492621594 4.309255808591843 1796
1786492624168 4.297828420996666 1797
1786492626742 4.226590797305107 1798
1786492629318 4.219749465584755 1799
1786492631893 4.289869233965874 1800
1786492634470 4.267698064446449 1801
1786492637045 4.271943628787994 1802
1786492639619 4.206522569060326 1803
1786492642194 4.198048263788223 1804
1786492644770 4.286553889513016 1805
1786492647348 4.29833596944809 1806
1786492649923 4.246114611625671 1807
1786492652498 4.211621537804604 1808
1786492655072 4.264812588691711 1809
1786492657646 4.245712861418724 1810
1786492660221 4.261947780847549 1811
1786492662795 4.2183611541986465 1812
1786492665370 4.231388449668884 1813
1786492667944 4.221736967563629 1814
1786492670519 4.174430251121521 1815
1786492673094 4.218143045902252 1816
1786492675669 4.219160854816437 1817
1786492678246 4.274370223283768 1818
1786492680820 4.215305358171463 1819
1786492683395 4.286792233586311 1820
1786492685970 4.220975503325462 1821
1786492688544 4.282030910253525 1822
1786492691119 4.273248761892319 1823
1786492693704 4.285923451185226 1824
1786492696292 4.243632420897484 1825
1786492698877 4.251070350408554 1826
1786492701461 4.248592749238014 1827
1786492704046 4.195169642567635 1828
1786492706632 4.25942100584507 1829
1786492709220 4.231926932930946 1830
1786492711805 4.220817983150482 1831
1786492714390 4.239942908287048 1832
1786492716975 4.252948671579361 1833
1786492719561 4.229775980114937 1834
1786492722146 4.261109098792076 1835
1786492724732 4.209874466061592 1836
1786492727316 4.289837956428528 1837
1786492729900 4.2479071617126465 1838
1786492732486 4.24479204416275 1839
1786492735071 4.275485724210739 1840
1786492737656 4.206410139799118 1841
1786492740242 4.21163535118103 1842
1786492742827 4.274822220206261 1843
1786492745413 4.271834924817085 1844
1786492747999 4.258553445339203 1845
1786492750584 4.311698257923126 1846
1786492753169 4.28773632645607 1847
1786492755755 4.246935710310936 1848
1786492758339 4.271151274442673 1849
1786492760924 4.167999804019928 1850
1786492763509 4.238361060619354 1851
1786492766094 4.205893963575363 1852
1786492768680 4.272306680679321 1853
1786492771264 4.223614364862442 1854
1786492773850 4.218426674604416 1855
1786492776435 4.2940195351839066 1856
1786492779020 4.264193952083588 1857
1786492781604 4.190134614706039 1858
1786492784189 4.180329129099846 1859
1786492786774 4.218809708952904 1860
1786492789358 4.162789195775986 1861
1786492791943 4.271472483873367 1862
1786492794531 4.255362570285797 1863
1786492797119 4.28273817896843 1864
1786492799705 4.272770777344704 1865
1786492802290 4.218494713306427 1866
1786492804876 4.220884531736374 1867
1786492807473 4.257604226469994 1868
1786492810059 4.213829785585403 1869
1786492812644 4.16324870288372 1870
1786492815230 4.161275431513786 1871
1786492817815 4.178787752985954 1872
1786492820400 4.222361624240875 1873
1786492822986 4.122557669878006 1874
1786492825571 4.2549329698085785 1875
1786492828154 4.33180770277977 1876
1786492830737 4.276531457901001 1877
1786492833320 4.232534110546112 1878
1786492835903 4.289699673652649 1879
1786492838486 4.239984691143036 1880
1786492841070 4.265037089586258 1881
1786492843653 4.222402662038803 1882
1786492846236 4.14151768386364 1883
1786492848819 4.277716666460037 1884
1786492851403 4.203676462173462 1885
1786492853988 4.10591858625412 1886
1786492856571 4.1721150279045105 1887
1786492859154 4.197820156812668 1888
1786492861736 4.22891953587532 1889
1786492864319 4.227057591080666 1890
1786492866902 4.2029197216033936 1891
1786492869485 4.215671181678772 1892
1786492872067 4.216058179736137 1893
1786492874650 4.239224061369896 1894
1786492877233 4.282650336623192 1895
1786492879815 4.23080475628376 1896
1786492882397 4.21147158741951 1897
1786492884980 4.190194547176361 1898
1786492887562 4.19298791885376 1899
1786492890145 4.188447713851929 1900
1786492892728 4.179645091295242 1901
1786492895311 4.222020000219345 1902
1786492897896 4.200633630156517 1903
1786492900480 4.168874591588974 1904
1786492903065 4.228493049740791 1905
1786492905651 4.1941825449466705 1906
1786492908238 4.183333948254585 1907
1786492910827 4.176403999328613 1908
1786492913413 4.119885057210922 1909
1786492916000 4.21563945710659 1910
1786492918586 4.272901564836502 1911
1786492921170 4.207975253462791 1912
1786492923756 4.159582823514938 1913
1786492926341 4.225899368524551 1914
1786492928926 4.231615245342255 1915
1786492931510 4.187353104352951 1916
1786492934095 4.1594865173101425 1917
1786492936680 4.248197436332703 1918
1786492939266 4.236181825399399 1919
1786492941851 4.203750342130661 1920
1786492944436 4.1533762365579605 1921
1786492947021 4.2337329387664795 1922
1786492949606 4.165351793169975 1923
1786492952191 4.244319409132004 1924
1786492954775 4.152499228715897 1925
1786492957360 4.179513722658157 1926
1786492959945 4.1711399257183075 1927
1786492962530 4.116124510765076 1928
1786492965114 4.225425347685814 1929
1786492967699 4.170307770371437 1930
1786492970285 4.2071681171655655 1931
1786492972877 4.208121046423912 1932
1786492975462 4.23114575445652 1933
1786492978045 4.162572368979454 1934
1786492980629 4.170232251286507 1935
1786492983213 4.236991256475449 1936
1786492985801 4.194346696138382 1937
1786492988386 4.244732469320297 1938
1786492990971 4.245935440063477 1939
1786492993556 4.2284680008888245 1940
1786492996142 4.217754483222961 1941
1786492998726 4.173840418457985 1942
1786493001314 4.151091888546944 1943
1786493003898 4.188805043697357 1944
1786493006483 4.156325921416283 1945
1786493009067 4.153856843709946 1946
1786493011653 4.152193561196327 1947
1786493014237 4.184041857719421 1948
1786493016821 4.156002417206764 1949
1786493019405 4.234402447938919 1950
1786493021990 4.148436456918716 1951
1786493024574 4.139496475458145 1952
1786493027159 4.094558775424957 1953
1786493029744 4.155412435531616 1954
1786493032329 4.12052395939827 1955
1786493034914 4.143374472856522 1956
1786493037500 4.190597161650658 1957
1786493040087 4.17671275138855 1958
1786493042671 4.192273020744324 1959
1786493045257 4.198445111513138 1960
1786493047842 4.162596568465233 1961
1786493050426 4.199839323759079 1962
1786493053011 4.164978519082069 1963
1786493055596 4.189594984054565 1964
1786493058181 4.240519642829895 1965
1786493060765 4.206224411725998 1966
1786493063351 4.183134496212006 1967
1786493065936 4.168853923678398 1968
1786493068520 4.151924878358841 1969
1786493071106 4.164229020476341 1970
1786493073691 4.070142775774002 1971
1786493076277 4.125867307186127 1972
1786493078861 4.1822584718465805 1973
1786493081446 4.198005676269531 1974
1786493084031 4.22460363805294 1975
1786493086615 4.229418024420738 1976
1786493089201 4.124865353107452 1977
1786493091787 4.142985120415688 1978
1786493094372 4.13724659383297 1979
1786493096957 4.14744658768177 1980
1786493099542 4.306600123643875 1981
1786493102126 4.2026694267988205 1982
1786493104712 4.174490660429001 1983
1786493107297 4.189867541193962 1984
1786493109881 4.1685716062784195 1985
1786493112465 4.236369401216507 1986
1786493115050 4.140093922615051 1987
1786493117637 4.152193933725357 1988
1786493120221 4.085842922329903 1989
1786493122805 4.123919278383255 1990
1786493125389 4.197617813944817 1991
1786493127973 4.197236627340317 1992
1786493130557 4.245200261473656 1993
1786493133141 4.230708599090576 1994
1786493135725 4.2767579555511475 1995
1786493138312 4.181427389383316 1996
1786493140898 4.114118546247482 1997
1786493143484 4.189377337694168 1998
1786493146067 4.189071238040924 1999
