1786487967578 3.140210270881653 0
1786487970157 3.1398866027593613 1
1786487972732 3.1394413113594055 2
1786487975306 3.1397208869457245 3
1786487977880 3.1397333294153214 4
1786487980455 3.1406039148569107 5
1786487983032 3.1396586149930954 6
1786487985629 3.139231964945793 7
1786487988206 3.1389690339565277 8
1786487990783 3.139127254486084 9
1786487993363 3.1388018429279327 10
1786487995941 3.138632819056511 11
1786487998517 3.1375968754291534 12
1786488001096 3.1375025659799576 13
1786488003675 3.1372461915016174 14
1786488006255 3.1360373944044113 15
1786488008837 3.136206552386284 16
1786488011419 3.136350065469742 17
1786488014008 3.1351878345012665 18
1786488016594 3.134461596608162 19
1786488019184 3.133336991071701 20
1786488021774 3.1338057070970535 21
1786488024355 3.1332089006900787 22
1786488026935 3.132292702794075 23
1786488029515 3.1310139149427414 24
1786488032095 3.1302970200777054 25
1786488034674 3.128469556570053 26
1786488037255 3.12878181040287 27
1786488039835 3.1266344636678696 28
1786488042418 3.125482141971588 29
1786488045012 3.124253958463669 30
1786488047595 3.12350195646286 31
1786488050181 3.12283356487751 32
1786488052762 3.121210351586342 33
1786488055348 3.1194474697113037 34
1786488057932 3.1164130717515945 35
1786488060519 3.11594158411026 36
1786488063106 3.1158578395843506 37
1786488065691 3.114353597164154 38
1786488068273 3.1133308559656143 39
1786488070854 3.111326888203621 40
1786488073437 3.1105005741119385 41
1786488076022 3.1090319454669952 42
1786488078607 3.106721669435501 43
1786488081196 3.107069194316864 44
1786488083781 3.1055436432361603 45
1786488086371 3.1038818657398224 46
1786488088962 3.1008079648017883 47
1786488091545 3.0993171334266663 48
1786488094127 3.0988590121269226 49
1786488096710 3.0968711972236633 50
1786488099294 3.094020202755928 51
1786488101878 3.0910999923944473 52
1786488104458 3.088802009820938 53
1786488107037 3.0868833512067795 54
1786488109622 3.0843195021152496 55
1786488112208 3.083561137318611 56
1786488114797 3.079875275492668 57
1786488117386 3.075012505054474 58
1786488119980 3.072352409362793 59
1786488122567 3.0676406025886536 60
1786488125151 3.0668286234140396 61
1786488127732 3.0649993866682053 62
1786488130313 3.0578714311122894 63
1786488132896 3.0582944452762604 64
1786488135479 3.0551984906196594 65
1786488138062 3.050219491124153 66
1786488140646 3.0479767471551895 67
1786488143231 3.0411267578601837 68
1786488145815 3.0406719744205475 69
1786488148404 3.032935157418251 70
1786488150997 3.0317034870386124 71
1786488153591 3.0222926884889603 72
1786488156172 3.0193178951740265 73
1786488158760 3.015868365764618 74
1786488161341 3.019371584057808 75
1786488163923 2.994713231921196 76
1786488166505 3.009558007121086 77
1786488169088 2.9997907876968384 78
1786488171676 2.997429609298706 79
1786488174258 2.9791523665189743 80
1786488176839 2.975255087018013 81
1786488179423 2.968438982963562 82
1786488182008 2.9641595631837845 83
1786488184592 2.9649293571710587 84
1786488187178 2.9594451934099197 85
1786488189760 2.9464313685894012 86
1786488192341 2.9475290775299072 87
1786488194922 2.9345977753400803 88
1786488197502 2.9219341576099396 89
1786488200080 2.9063471853733063 90
1786488202659 2.9052869975566864 91
1786488205239 2.9093902558088303 92
1786488207818 2.8911950439214706 93
1786488210402 2.8866078555583954 94
1786488212984 2.8730291724205017 95
1786488215566 2.865638017654419 96
1786488218144 2.8467360138893127 97
1786488220723 2.8392273783683777 98
1786488223304 2.826140746474266 99
1786488225887 2.835876226425171 100
1786488228475 2.809326395392418 101
1786488231063 2.7934339195489883 102
1786488233647 2.8026058971881866 103
1786488236231 2.7815883308649063 104
1786488238814 2.7611368596553802 105
1786488241398 2.762004569172859 106
1786488243979 2.774425595998764 107
1786488246569 2.7393814623355865 108
1786488249154 2.731357514858246 109
1786488251737 2.713395208120346 110
1786488254320 2.711228132247925 111
1786488256903 2.69838410615921 112
1786488259479 2.711383730173111 113
1786488262057 2.687717854976654 114
1786488264630 2.681764602661133 115
1786488267216 2.6828697323799133 116
1786488269797 2.6533680856227875 117
1786488272376 2.6738136261701584 118
1786488274957 2.648824319243431 119
1786488277537 2.6529295444488525 120
1786488280118 2.629034072160721 121
1786488282702 2.63581445813179 122
1786488285286 2.6133921295404434 123
1786488287867 2.604523181915283 124
1786488290448 2.599617078900337 125
1786488293031 2.585145741701126 126
1786488295613 2.582089975476265 127
1786488298195 2.5850385576486588 128
1786488300775 2.559945598244667 129
1786488303360 2.5573579370975494 130
1786488305954 2.5534240305423737 131
1786488308537 2.5633044093847275 132
1786488311119 2.562547355890274 133
1786488313702 2.541454181075096 134
1786488316282 2.5273276269435883 135
1786488318863 2.516670286655426 136
1786488321444 2.5172636210918427 137
1786488324025 2.5153244584798813 138
1786488326607 2.5163024812936783 139
1786488329190 2.516199514269829 140
1786488331774 2.5168652683496475 141
1786488334358 2.4955373853445053 142
1786488336943 2.4968806356191635 143
1786488339529 2.509742870926857 144
1786488342112 2.492464691400528 145
1786488344695 2.48610757291317 146
1786488347275 2.4803081899881363 147
1786488349858 2.4898398369550705 148
1786488352441 2.4727389067411423 149
1786488355025 2.479084998369217 150
1786488357607 2.4888370484113693 151
1786488360188 2.4481587558984756 152
1786488362770 2.4469334334135056 153
1786488365353 2.439676210284233 154
1786488367939 2.467501997947693 155
1786488370526 2.4565505981445312 156
1786488373110 2.445671170949936 157
1786488375696 2.440586596727371 158
1786488378280 2.4339201599359512 159
1786488380860 2.44966059923172 160
1786488383442 2.4071675688028336 161
1786488386024 2.4034969955682755 162
1786488388608 2.410745084285736 163
1786488391188 2.3975426256656647 164
1786488393768 2.4187653809785843 165
1786488396348 2.4204465597867966 166
1786488398934 2.3857568949460983 167
1786488401516 2.390002429485321 168
1786488404100 2.3961900919675827 169
1786488406684 2.3936749398708344 170
1786488409266 2.408769443631172 171
1786488411845 2.404962435364723 172
1786488414428 2.3880552798509598 173
1786488417014 2.373690813779831 174
1786488419597 2.392284944653511 175
1786488422177 2.3620412051677704 176
1786488424759 2.3747280538082123 177
1786488427340 2.3843978196382523 178
1786488429921 2.3715865910053253 179
1786488432500 2.363396093249321 180
1786488435080 2.3692949414253235 181
1786488437661 2.368627518415451 182
1786488440243 2.3784572035074234 183
1786488442826 2.3714680671691895 184
1786488445413 2.360448643565178 185
1786488447999 2.3702249377965927 186
1786488450587 2.3590215742588043 187
1786488453196 2.360843062400818 188
1786488455778 2.348815903067589 189
1786488458363 2.342855527997017 190
1786488460946 2.375588059425354 191
1786488463530 2.3515266329050064 192
1786488466112 2.352255865931511 193
1786488468696 2.337228685617447 194
1786488471278 2.3393896222114563 195
1786488473863 2.3576390892267227 196
1786488476445 2.357227712869644 197
1786488479034 2.3322970867156982 198
1786488481617 2.3446342945098877 199
1786488484190 2.357087552547455 200
1786488486765 2.3269762843847275 201
1786488489341 2.3326508849859238 202
1786488491922 2.3344404250383377 203
1786488494504 2.3523006290197372 204
1786488497086 2.330406293272972 205
1786488499668 2.327602371573448 206
1786488502249 2.3527482002973557 207
1786488504833 2.328804075717926 208
1786488507414 2.324662670493126 209
1786488509991 2.319937527179718 210
1786488512574 2.3366672098636627 211
1786488515156 2.3205370008945465 212
1786488517742 2.3165954649448395 213
1786488520331 2.3233701288700104 214
1786488522919 2.329950287938118 215
1786488525514 2.313702240586281 216
1786488528104 2.331134095788002 217
1786488530690 2.3185931593179703 218
1786488533284 2.3138218224048615 219
1786488535868 2.325138673186302 220
1786488538454 2.341206416487694 221
1786488541040 2.31791053712368 222
1786488543632 2.332239493727684 223
1786488546220 2.30985751748085 224
1786488548804 2.3093368113040924 225
1786488551393 2.302192509174347 226
1786488553978 2.3130628913640976 227
1786488556559 2.3002308905124664 228
1786488559142 2.295639917254448 229
1786488561726 2.3000216633081436 230
1786488564310 2.300606980919838 231
1786488566893 2.292177200317383 232
1786488569478 2.2945876121520996 233
1786488572060 2.3032881170511246 234
1786488574645 2.314175456762314 235
1786488577226 2.2855807095766068 236
1786488579806 2.307057201862335 237
1786488582386 2.2955193668603897 238
1786488584966 2.2943495959043503 239
1786488587551 2.308338150382042 240
1786488590135 2.2851629108190536 241
1786488592718 2.2923002392053604 242
1786488595306 2.3098375350236893 243
1786488597893 2.2733892649412155 244
1786488600486 2.292985886335373 245
1786488603075 2.2952941209077835 246
1786488605662 2.3008138090372086 247
1786488608256 2.2806951999664307 248
1786488610838 2.2850059121847153 249
1786488613420 2.2835885286331177 250
1786488616014 2.276467263698578 251
1786488618594 2.2689231038093567 252
1786488621181 2.2928805202245712 253
1786488623773 2.277725487947464 254
1786488626354 2.285818964242935 255
1786488628938 2.2730088382959366 256
1786488631530 2.285190984606743 257
1786488634117 2.2733842730522156 258
1786488636702 2.2688957154750824 259
1786488639294 2.280612587928772 260
1786488641878 2.2727041095495224 261
1786488644465 2.2768452167510986 262
1786488647049 2.287256881594658 263
1786488649639 2.264092668890953 264
1786488652238 2.272919937968254 265
1786488654829 2.265896111726761 266
1786488657411 2.2736035585403442 267
1786488660003 2.263836085796356 268
1786488662587 2.267906531691551 269
1786488665176 2.2657373249530792 270
1786488667766 2.25895456969738 271
1786488670349 2.2372825145721436 272
1786488672939 2.267064869403839 273
1786488675532 2.2720202654600143 274
1786488678129 2.2460561394691467 275
1786488680716 2.2532211393117905 276
1786488683310 2.256680265069008 277
1786488685900 2.2540716230869293 278
1786488688483 2.2602576911449432 279
1786488691067 2.2420662194490433 280
1786488693658 2.2430996000766754 281
1786488696243 2.241921529173851 282
1786488698826 2.2329318076372147 283
1786488701420 2.236467629671097 284
1786488704002 2.235931247472763 285
1786488706588 2.2480566054582596 286
1786488709180 2.2497303634881973 287
1786488711772 2.2185095995664597 288
1786488714355 2.2434229403734207 289
1786488716942 2.2501799315214157 290
1786488719531 2.2368385791778564 291
1786488722112 2.2377351373434067 292
1786488724695 2.244469165802002 293
1786488727279 2.2263323068618774 294
1786488729866 2.230025738477707 295
1786488732462 2.24003204703331 296
1786488735048 2.2115671187639236 297
1786488737632 2.221041277050972 298
1786488740214 2.24748033285141 299
1786488742805 2.2520734518766403 300
1786488745388 2.221091076731682 301
1786488747969 2.2397139370441437 302
1786488750557 2.2515315115451813 303
1786488753141 2.245673283934593 304
1786488755724 2.2123604863882065 305
1786488758307 2.2013707756996155 306
1786488760889 2.2212174385786057 307
1786488763472 2.2315172255039215 308
1786488766056 2.236198842525482 309
1786488768640 2.2130122780799866 310
1786488771227 2.244265392422676 311
1786488773819 2.2324924021959305 312
1786488776400 2.2203254252672195 313
1786488778985 2.2128463685512543 314
1786488781571 2.2120951116085052 315
1786488784154 2.2016855031251907 316
1786488786741 2.207215964794159 317
1786488789324 2.218820169568062 318
1786488791908 2.2029310911893845 319
1786488794495 2.1986806094646454 320
1786488797080 2.2068460136651993 321
1786488799662 2.19133560359478 322
1786488802238 2.217033162713051 323
1786488804810 2.2161704897880554 324
1786488807382 2.1791867166757584 325
1786488809956 2.2008993178606033 326
1786488812538 2.223298490047455 327
1786488815113 2.2101987302303314 328
1786488817696 2.206788659095764 329
1786488820273 2.1858172565698624 330
1786488822849 2.202185496687889 331
1786488825423 2.2153147011995316 332
1786488828004 2.199422135949135 333
1786488830596 2.2061411142349243 334
1786488833178 2.195962533354759 335
1786488835770 2.1972470730543137 336
1786488838350 2.2039567977190018 337
1786488840932 2.177856206893921 338
1786488843519 2.182784840464592 339
1786488846105 2.172966942191124 340
1786488848689 2.199552044272423 341
1786488851270 2.1948933005332947 342
1786488853853 2.1746452301740646 343
1786488856438 2.167461857199669 344
1786488859025 2.184948593378067 345
1786488861605 2.1899610310792923 346
1786488864194 2.1847296953201294 347
1786488866779 2.1985820531845093 348
1786488869368 2.1859798580408096 349
1786488871946 2.1619243770837784 350
1786488874522 2.17533877491951 351
1786488877097 2.186231404542923 352
1786488879679 2.1708077788352966 353
1786488882262 2.164648652076721 354
1786488884844 2.174968510866165 355
1786488887424 2.1895476579666138 356
1786488890004 2.177635744214058 357
1786488892584 2.1586651653051376 358
1786488895164 2.169068828225136 359
1786488897746 2.184927210211754 360
1786488900328 2.1679162085056305 361
1786488902910 2.1585374921560287 362
1786488905492 2.174525409936905 363
1786488908074 2.153068706393242 364
1786488910662 2.183006450533867 365
1786488913247 2.1785880029201508 366
1786488915831 2.1410001963377 367
1786488918413 2.157589316368103 368
1786488920998 2.176086276769638 369
1786488923584 2.1682278215885162 370
1786488926166 2.1344848573207855 371
1786488928749 2.161450758576393 372
1786488931330 2.1426741182804108 373
1786488933912 2.15923011302948 374
1786488936494 2.164256662130356 375
1786488939076 2.1342723667621613 376
1786488941658 2.1457071006298065 377
1786488944241 2.1724162101745605 378
1786488946823 2.132514178752899 379
1786488949405 2.1619952470064163 380
1786488951986 2.1508402824401855 381
1786488954568 2.147267460823059 382
1786488957152 2.1335349828004837 383
1786488959736 2.150628313422203 384
1786488962317 2.130675494670868 385
1786488964899 2.145903155207634 386
1786488967481 2.1466830521821976 387
1786488970063 2.128232166171074 388
1786488972645 2.1420580744743347 389
1786488975228 2.136449843645096 390
1786488977811 2.1597435027360916 391
1786488980393 2.146997168660164 392
1786488982975 2.1552127301692963 393
1786488985557 2.1316215097904205 394
1786488988139 2.1350862979888916 395
1786488990721 2.1550458520650864 396
1786488993302 2.123844936490059 397
1786488995884 2.1336472183465958 398
1786488998467 2.1175965517759323 399
1786489001051 2.115329295396805 400
1786489003633 2.127255842089653 401
1786489006215 2.139948680996895 402
1786489008797 2.1197465360164642 403
1786489011381 2.135695606470108 404
1786489013963 2.126368910074234 405
1786489016544 2.115925893187523 406
1786489019126 2.0923656672239304 407
1786489021708 2.1288979053497314 408
1786489024291 2.110228806734085 409
1786489026874 2.098061703145504 410
1786489029459 2.0937466472387314 411
1786489032041 2.112511098384857 412
1786489034623 2.0962396413087845 413
1786489037205 2.1257956326007843 414
1786489039787 2.123797208070755 415
1786489042371 2.1191905736923218 416
1786489044954 2.1018675565719604 417
1786489047537 2.1223483085632324 418
1786489050119 2.1006320118904114 419
1786489052702 2.1026374250650406 420
1786489055284 2.0977443158626556 421
1786489057866 2.0928042083978653 422
1786489060447 2.091292768716812 423
1786489063029 2.1047019958496094 424
1786489065611 2.087072044610977 425
1786489068193 2.1044264808297157 426
1786489070775 2.0885130017995834 427
1786489073357 2.093053810298443 428
1786489075940 2.1047594398260117 429
1786489078522 2.093516707420349 430
1786489081105 2.0831991136074066 431
1786489083687 2.073809117078781 432
1786489086269 2.1019940227270126 433
1786489088851 2.0724766179919243 434
1786489091433 2.088292211294174 435
1786489094016 2.0969319492578506 436
1786489096598 2.095686264336109 437
1786489099183 2.0922635793685913 438
1786489101767 2.081588312983513 439
1786489104351 2.0848181396722794 440
1786489106934 2.0858430564403534 441
1786489109518 2.058100178837776 442
1786489112102 2.082157641649246 443
1786489114691 2.0699273720383644 444
1786489117276 2.08364936709404 445
1786489119861 2.06706989556551 446
1786489122448 2.059809386730194 447
1786489125034 2.090414747595787 448
1786489127618 2.0448079630732536 449
1786489130203 2.079421617090702 450
1786489132789 2.067305989563465 451
1786489135377 2.0462869107723236 452
1786489137950 2.0605628341436386 453
1786489140522 2.0633905678987503 454
1786489143098 2.0513599291443825 455
1786489145672 2.0783713310956955 456
1786489148246 2.0758149325847626 457
1786489150820 2.0454172864556313 458
1786489153394 2.0465660095214844 459
1786489155967 2.0788717567920685 460
1786489158540 2.049584984779358 461
1786489161114 2.04677327722311 462
1786489163687 2.0597729831933975 463
1786489166260 2.055817037820816 464
1786489168834 2.064697116613388 465
1786489171408 2.035377621650696 466
1786489173983 2.05002261698246 467
1786489176558 2.0797203481197357 468
1786489179131 2.0386753007769585 469
1786489181704 2.072075054049492 470
1786489184277 2.0549513548612595 471
1786489186850 2.0337521359324455 472
1786489189425 2.045333109796047 473
1786489191999 2.020645208656788 474
1786489194573 2.053508445620537 475
1786489197146 2.027215600013733 476
1786489199718 2.022750787436962 477
1786489202293 2.0266414806246758 478
1786489204865 2.0447173789143562 479
1786489207451 2.0131700858473778 480
1786489210023 2.0344331562519073 481
1786489212596 2.042980045080185 482
1786489215171 2.0389875918626785 483
1786489217744 2.022657535970211 484
1786489220317 2.0320905074477196 485
1786489222891 2.0370888113975525 486
1786489225465 2.0170348957180977 487
1786489228039 2.029049627482891 488
1786489230611 2.0246244221925735 489
1786489233186 2.032819949090481 490
1786489235760 2.0462197735905647 491
1786489238334 2.0139267444610596 492
1786489240908 2.031865507364273 493
1786489243484 2.027932323515415 494
1786489246058 2.021942190825939 495
1786489248632 2.0297360569238663 496
1786489251206 2.0117727145552635 497
1786489253786 2.0090185180306435 498
1786489256368 1.9884233251214027 499
1786489267802 2.032743200659752 500
1786489270391 2.0157754570245743 501
1786489272973 2.002191163599491 502
1786489275554 2.0169632360339165 503
1786489278135 1.9918268248438835 504
1786489280717 2.0232547149062157 505
1786489283299 2.012209177017212 506
1786489285882 2.0059060156345367 507
1786489288466 2.0104770958423615 508
1786489291049 2.0322489961981773 509
1786489293634 2.011736176908016 510
1786489296217 2.019381657242775 511
1786489298802 2.009795993566513 512
1786489301388 2.010065473616123 513
1786489303979 2.0068057104945183 514
1786489306564 2.021050326526165 515
1786489309148 1.9884009882807732 516
1786489311732 2.000555634498596 517
1786489314317 1.997984416782856 518
1786489316902 2.0127323791384697 519
1786489319488 2.0016598626971245 520
1786489322071 2.0012796446681023 521
1786489324654 1.998883344233036 522
1786489327238 1.9819336384534836 523
1786489329821 1.9939099103212357 524
1786489332404 1.9929693043231964 525
1786489334989 2.0055550262331963 526
1786489337576 2.0028412267565727 527
1786489340160 1.991910956799984 528
1786489342743 1.977977529168129 529
1786489345327 1.9888428151607513 530
1786489347910 1.9770059809088707 531
1786489350494 1.9856569021940231 532
1786489353077 1.989924743771553 533
1786489355661 1.9969714358448982 534
1786489358244 1.976348802447319 535
1786489360827 1.9906399101018906 536
1786489363410 1.9979168474674225 537
1786489365994 1.9690638482570648 538
1786489368578 1.9709285199642181 539
1786489371162 1.9931841790676117 540
1786489373745 1.996333234012127 541
1786489376328 1.9924564510583878 542
1786489378911 1.9826208725571632 543
1786489381494 1.9707554653286934 544
1786489384078 1.9691416397690773 545
1786489386662 1.98176921159029 546
1786489389253 1.9656232371926308 547
1786489391836 1.970920741558075 548
1786489394420 2.0006134063005447 549
1786489397003 1.9543051347136497 550
1786489399587 1.9687374904751778 551
1786489402171 1.9757523238658905 552
1786489404755 1.9634783864021301 553
1786489407339 1.964754194021225 554
1786489409923 1.948245845735073 555
1786489412506 1.9605665802955627 556
1786489415090 1.9750996679067612 557
1786489417674 1.959521397948265 558
1786489420257 1.9525795206427574 559
1786489422841 1.9556680545210838 560
1786489425423 1.9686951711773872 561
1786489428005 1.9568226635456085 562
1786489430589 1.9642499834299088 563
1786489433172 1.956685297191143 564
1786489435757 1.9574901089072227 565
1786489438340 1.9772489294409752 566
1786489440923 1.9672070369124413 567
1786489443506 1.97427149862051 568
1786489446090 1.9812075644731522 569
1786489448676 1.9323020353913307 570
1786489451256 1.9449721649289131 571
1786489453831 1.9457748532295227 572
1786489456406 1.9438468366861343 573
1786489458981 1.9679520651698112 574
1786489461557 1.9594544023275375 575
1786489464131 1.954476036131382 576
1786489466711 1.963008314371109 577
1786489469292 1.9344426468014717 578
1786489471874 1.940532386302948 579
1786489474455 1.9386703297495842 580
1786489477037 1.9648194685578346 581
1786489479618 1.9540013000369072 582
1786489482199 1.9556437879800797 583
1786489484781 1.9575869143009186 584
1786489487362 1.934450015425682 585
1786489489945 1.939884327352047 586
1786489492529 1.9396502375602722 587
1786489495112 1.9546474739909172 588
1786489497695 1.9561929926276207 589
1786489500277 1.9539784118533134 590
1786489502859 1.9432001262903214 591
1786489505440 1.9184848219156265 592
1786489508021 1.9332895800471306 593
1786489510602 1.9331634268164635 594
1786489513184 1.9384974837303162 595
1786489515765 1.9400657191872597 596
1786489518346 1.9353667870163918 597
1786489520927 1.9242576584219933 598
1786489523508 1.939409151673317 599
1786489526089 1.9660445004701614 600
1786489528672 1.9430014118552208 601
1786489531253 1.92695701867342 602
1786489533839 1.935403473675251 603
1786489536423 1.9214282259345055 604
1786489539005 1.9607352390885353 605
1786489541586 1.9411562532186508 606
1786489544167 1.9115623459219933 607
1786489546748 1.939026415348053 608
1786489549329 1.9450592175126076 609
1786489551910 1.9189336597919464 610
1786489554492 1.924281857907772 611
1786489557074 1.9351749122142792 612
1786489559658 1.935870200395584 613
1786489562242 1.9241006076335907 614
1786489564827 1.9328985586762428 615
1786489567411 1.9253024235367775 616
1786489569995 1.930749699473381 617
1786489572579 1.9172776713967323 618
1786489575164 1.9280295744538307 619
1786489577747 1.9169845655560493 620
1786489580330 1.9247083738446236 621
1786489582914 1.9255129992961884 622
1786489585498 1.9069722667336464 623
1786489588082 1.9413836002349854 624
1786489590665 1.917672023177147 625
1786489593248 1.929610513150692 626
1786489595832 1.917740486562252 627
1786489598417 1.927690602838993 628
1786489601000 1.9029173776507378 629
1786489603585 1.9166972786188126 630
1786489606168 1.91597368568182 631
1786489608753 1.899973787367344 632
1786489611337 1.8943043947219849 633
1786489613921 1.9073922634124756 634
1786489616505 1.8975227698683739 635
1786489619091 1.8756913468241692 636
1786489621674 1.8844957575201988 637
1786489624256 1.900749795138836 638
1786489626840 1.9035682454705238 639
1786489629424 1.908829741179943 640
1786489632008 1.9061342924833298 641
1786489634591 1.897246040403843 642
1786489637173 1.904113121330738 643
1786489639754 1.8969507738947868 644
1786489642336 1.9043319821357727 645
1786489644917 1.9074338600039482 646
1786489647499 1.9009103700518608 647
1786489650080 1.8798021003603935 648
1786489652663 1.8848702758550644 649
1786489655246 1.9012715592980385 650
1786489657828 1.9072156697511673 651
1786489660410 1.9015471115708351 652
1786489662992 1.8827182278037071 653
1786489665573 1.8841384574770927 654
1786489668155 1.8984914794564247 655
1786489670738 1.9040583968162537 656
1786489673322 1.9215896129608154 657
1786489675908 1.910811260342598 658
1786489678490 1.8914051800966263 659
1786489681073 1.8875210508704185 660
1786489683656 1.8877535611391068 661
1786489686240 1.8914249390363693 662
1786489688825 1.8909205123782158 663
1786489691408 1.8970153629779816 664
1786489693991 1.8825492858886719 665
1786489696573 1.8842198699712753 666
1786489699156 1.8861563503742218 667
1786489701739 1.8840283825993538 668
1786489704324 1.9022481963038445 669
1786489706907 1.8928933516144753 670
1786489709489 1.8854232802987099 671
1786489712072 1.8757591471076012 672
1786489714655 1.8933739140629768 673
1786489717238 1.8969030529260635 674
1786489719821 1.9040856137871742 675
1786489722404 1.893303468823433 676
1786489724987 1.8519498705863953 677
1786489727570 1.8779303282499313 678
1786489730153 1.8919481113553047 679
1786489732736 1.8797807469964027 680
1786489735318 1.8743839412927628 681
1786489737901 1.8750252202153206 682
1786489740484 1.8808891102671623 683
1786489743067 1.8956505507230759 684
1786489745651 1.9007473662495613 685
1786489748234 1.879381813108921 686
1786489750816 1.8851923570036888 687
1786489753399 1.8757895082235336 688
1786489755983 1.8727583587169647 689
1786489758566 1.8899154663085938 690
1786489761149 1.8614583611488342 691
1786489763732 1.880620002746582 692
1786489766315 1.8717750757932663 693
1786489768898 1.8710462599992752 694
1786489771480 1.8575403839349747 695
1786489774062 1.8658201545476913 696
1786489776644 1.8667937368154526 697
1786489779226 1.8729224056005478 698
1786489781808 1.8491013944149017 699
1786489784390 1.8753221556544304 700
1786489786973 1.8916559293866158 701
1786489789555 1.861910194158554 702
1786489792139 1.850743442773819 703
1786489794715 1.8686711862683296 704
1786489797289 1.8667671233415604 705
1786489799865 1.8632738217711449 706
1786489802439 1.8709575310349464 707
1786489805013 1.8655088618397713 708
1786489807588 1.8649809136986732 709
1786489810163 1.8614009991288185 710
1786489812737 1.8632795214653015 711
1786489815318 1.8559477180242538 712
1786489817904 1.8453306630253792 713
1786489820492 1.852197878062725 714
1786489823075 1.8455062210559845 715
1786489825659 1.8422917872667313 716
1786489828243 1.851366601884365 717
1786489830827 1.870216742157936 718
1786489833410 1.842634454369545 719
1786489835994 1.8443158119916916 720
1786489838577 1.8626456260681152 721
1786489841161 1.835519514977932 722
1786489843744 1.8485747128725052 723
1786489846330 1.857370212674141 724
1786489848916 1.8533314988017082 725
1786489851499 1.8574082925915718 726
1786489854085 1.8381382003426552 727
1786489856669 1.832619458436966 728
1786489859253 1.823030337691307 729
1786489861836 1.8668922185897827 730
1786489864421 1.8477142006158829 731
1786489867006 1.8451113924384117 732
1786489869590 1.8188339248299599 733
1786489872175 1.8447811529040337 734
1786489874759 1.8457555696368217 735
1786489877342 1.839656800031662 736
1786489879926 1.8267626762390137 737
1786489882510 1.8464983627200127 738
1786489885095 1.8466702103614807 739
1786489887679 1.845742866396904 740
1786489890262 1.817527212202549 741
1786489892847 1.8278835788369179 742
1786489895431 1.847560577094555 743
1786489898014 1.843430057168007 744
1786489900598 1.822264514863491 745
1786489903182 1.852862872183323 746
1786489905765 1.8507558554410934 747
1786489908349 1.812293402850628 748
1786489910933 1.8313420563936234 749
1786489913518 1.8285597562789917 750
1786489916102 1.8108349964022636 751
1786489918687 1.836457446217537 752
1786489921271 1.8135903999209404 753
1786489923855 1.806856669485569 754
1786489926441 1.8129635602235794 755
1786489929026 1.8329515680670738 756
1786489931610 1.8419431671500206 757
1786489934193 1.8492685332894325 758
1786489936777 1.8178860321640968 759
1786489939361 1.8087902441620827 760
1786489941944 1.8278888240456581 761
1786489944527 1.8157225549221039 762
1786489947110 1.8275260999798775 763
1786489949692 1.8276009112596512 764
1786489952274 1.8540418893098831 765
1786489954856 1.8148307502269745 766
1786489957438 1.7966459020972252 767
1786489960020 1.817036010324955 768
1786489962602 1.8251307755708694 769
1786489965183 1.8236594498157501 770
1786489967765 1.8079687729477882 771
1786489970347 1.8103590831160545 772
1786489972929 1.8368804976344109 773
1786489975510 1.8210313841700554 774
1786489978092 1.7911195680499077 775
1786489980673 1.8147128075361252 776
1786489983256 1.8227592781186104 777
1786489985837 1.7966342568397522 778
1786489988419 1.829621471464634 779
1786489991001 1.7885849699378014 780
1786489993582 1.8180019333958626 781
1786489996163 1.8267109766602516 782
1786489998744 1.8047245666384697 783
1786490001326 1.7980187460780144 784
1786490003907 1.8366894200444221 785
1786490006488 1.8027250692248344 786
1786490009069 1.8257781639695168 787
1786490011651 1.7849842086434364 788
1786490014232 1.822222888469696 789
1786490016815 1.8429039940238 790
1786490019397 1.7988822609186172 791
1786490021981 1.8100284710526466 792
1786490024562 1.8136237859725952 793
1786490027144 1.8329592868685722 794
1786490029726 1.802467666566372 795
1786490032309 1.7690390944480896 796
1786490034890 1.7990692183375359 797
1786490037476 1.8285292610526085 798
1786490040060 1.8352145329117775 799
1786490042642 1.8074688538908958 800
1786490045216 1.781066469848156 801
1786490047790 1.8002537041902542 802
1786490050375 1.7954882308840752 803
1786490052960 1.7894703447818756 804
1786490055544 1.7915711477398872 805
1786490058129 1.8040296509861946 806
1786490060715 1.8139404952526093 807
1786490063300 1.8030787333846092 808
1786490065885 1.802975133061409 809
1786490068468 1.8040688633918762 810
1786490071052 1.8134735450148582 811
1786490073641 1.813075877726078 812
1786490076226 1.7931800782680511 813
1786490078813 1.7964355573058128 814
1786490081404 1.784653291106224 815
1786490083991 1.7798394039273262 816
1786490086574 1.7999943643808365 817
1786490089161 1.7975306138396263 818
1786490091751 1.7980993315577507 819
1786490094336 1.774723969399929 820
1786490096922 1.8000211790204048 821
1786490099506 1.7933069318532944 822
1786490102089 1.7839396223425865 823
1786490104675 1.806456372141838 824
1786490107276 1.7738012969493866 825
1786490109852 1.7778174057602882 826
1786490112426 1.7973837926983833 827
1786490115001 1.7908058539032936 828
1786490117575 1.7685246765613556 829
1786490120150 1.79341658949852 830
1786490122724 1.76698350161314 831
1786490125299 1.8088810965418816 832
1786490127872 1.8022839650511742 833
1786490130446 1.7672198414802551 834
1786490133022 1.7884054630994797 835
1786490135596 1.782971829175949 836
1786490138171 1.7786190062761307 837
1786490140746 1.790064051747322 838
1786490143320 1.7746794149279594 839
1786490145894 1.7758859023451805 840
1786490148468 1.766214407980442 841
1786490151044 1.7750889509916306 842
1786490153619 1.7808267697691917 843
1786490156194 1.7777498438954353 844
1786490158771 1.749177910387516 845
1786490161344 1.7545567005872726 846
1786490163918 1.7808481231331825 847
1786490166492 1.7635234221816063 848
1786490169066 1.7771592885255814 849
1786490171640 1.7886879816651344 850
1786490174215 1.7534050941467285 851
1786490176797 1.7854644656181335 852
1786490179381 1.778659887611866 853
1786490181965 1.7655874192714691 854
1786490184548 1.789842613041401 855
1786490187132 1.7989553064107895 856
1786490189716 1.7767645865678787 857
1786490192300 1.773207038640976 858
1786490194884 1.750513345003128 859
1786490197468 1.7771658152341843 860
1786490200052 1.7880965694785118 861
1786490202636 1.7533758208155632 862
1786490205220 1.7537768334150314 863
1786490207805 1.7556572332978249 864
1786490210392 1.7686308398842812 865
1786490212979 1.780118353664875 866
1786490215567 1.7715461924672127 867
1786490218152 1.7654458805918694 868
1786490220736 1.7728401869535446 869
1786490223320 1.7412490099668503 870
1786490225908 1.776473045349121 871
1786490228493 1.7611490115523338 872
1786490231077 1.7643057778477669 873
1786490233660 1.7698248401284218 874
1786490236236 1.7955180704593658 875
1786490238813 1.743044413626194 876
1786490241389 1.7691970318555832 877
1786490243964 1.7327303066849709 878
1786490246547 1.7480375319719315 879
1786490249131 1.7485636696219444 880
1786490251717 1.7538018748164177 881
1786490254293 1.7826696634292603 882
1786490256869 1.7379899993538857 883
1786490259443 1.7546789795160294 884
1786490262018 1.7697343528270721 885
1786490264592 1.7533243596553802 886
1786490267166 1.753879003226757 887
1786490269740 1.7398725301027298 888
1786490272322 1.7494482398033142 889
1786490274908 1.7343802079558372 890
1786490277491 1.745693638920784 891
1786490280075 1.7665255442261696 892
1786490282658 1.7529557570815086 893
1786490285242 1.7795557081699371 894
1786490287826 1.771643415093422 895
1786490290409 1.7358984649181366 896
1786490292993 1.7367752119898796 897
1786490295577 1.7536147087812424 898
1786490298160 1.7530499547719955 899
1786490300744 1.7603224962949753 900
1786490303328 1.7331812530755997 901
1786490305913 1.741866111755371 902
1786490308497 1.7307677939534187 903
1786490311080 1.7273684591054916 904
1786490313664 1.7363251000642776 905
1786490316249 1.7525875344872475 906
1786490318832 1.7650581449270248 907
1786490321417 1.7412121966481209 908
1786490324001 1.751972757279873 909
1786490326585 1.7558518201112747 910
1786490329170 1.7248324677348137 911
1786490331762 1.7368975654244423 912
1786490334347 1.7555097341537476 913
1786490336928 1.7303103730082512 914
1786490339510 1.7493440881371498 915
1786490342092 1.7409651055932045 916
1786490344670 1.7244486659765244 917
1786490347254 1.748551957309246 918
1786490349838 1.7293457463383675 919
1786490352422 1.7380558773875237 920
1786490355006 1.7305379584431648 921
1786490357588 1.7558195739984512 922
1786490360171 1.7288425266742706 923
1786490362755 1.7220795452594757 924
1786490365339 1.7256655171513557 925
1786490367923 1.7520391270518303 926
1786490370506 1.7343389838933945 927
1786490373089 1.725072167813778 928
1786490375671 1.7268405258655548 929
1786490378253 1.7433006837964058 930
1786490380835 1.7437889128923416 931
1786490383417 1.7203077226877213 932
1786490385997 1.707858368754387 933
1786490388579 1.7391125112771988 934
1786490391163 1.718798317015171 935
1786490393745 1.728704035282135 936
1786490396330 1.7226181775331497 937
1786490398910 1.7596855238080025 938
1786490401490 1.6972834318876266 939
1786490404072 1.7105548083782196 940
1786490406652 1.7098653092980385 941
1786490409232 1.7216619104146957 942
1786490411814 1.73054788261652 943
1786490414395 1.7337995618581772 944
1786490416977 1.7226420491933823 945
1786490419559 1.7308459281921387 946
1786490422141 1.7221227958798409 947
1786490424723 1.742373138666153 948
1786490427304 1.7204325646162033 949
1786490429886 1.704322598874569 950
1786490432468 1.7416711747646332 951
1786490435051 1.731924094259739 952
1786490437633 1.727078765630722 953
1786490440214 1.7211599573493004 954
1786490442796 1.7167113944888115 955
1786490445377 1.7222303748130798 956
1786490447959 1.7128215059638023 957
1786490450542 1.7268522307276726 958
1786490453125 1.7159141823649406 959
1786490455706 1.7073786929249763 960
1786490458288 1.7355760410428047 961
1786490460870 1.7237758040428162 962
1786490463452 1.7227138131856918 963
1786490466034 1.718762457370758 964
1786490468618 1.727085418999195 965
1786490471200 1.7205644473433495 966
1786490473782 1.7389358282089233 967
1786490476363 1.7089219018816948 968
1786490478945 1.726174883544445 969
1786490481528 1.7089152112603188 970
1786490484110 1.7181520387530327 971
1786490486692 1.7144019901752472 972
1786490489273 1.7184532806277275 973
1786490491856 1.7224295735359192 974
1786490494438 1.681184932589531 975
1786490497020 1.6976057440042496 976
1786490499601 1.711066409945488 977
1786490502184 1.72152728587389 978
1786490504766 1.7194452807307243 979
1786490507347 1.7072734907269478 980
1786490509929 1.708551473915577 981
1786490512513 1.7239214330911636 982
1786490515097 1.704633355140686 983
1786490517677 1.7106252685189247 984
1786490520257 1.732167199254036 985
1786490522838 1.7102853134274483 986
1786490525420 1.6913485676050186 987
1786490528002 1.7071787640452385 988
1786490530584 1.6908170878887177 989
1786490533166 1.6884300857782364 990
1786490535748 1.6865196451544762 991
1786490538329 1.6785379126667976 992
1786490540911 1.699455015361309 993
1786490543493 1.7102325335144997 994
1786490546074 1.7128159031271935 995
1786490548656 1.6964080557227135 996
1786490551238 1.7006465196609497 997
1786490553819 1.6892362460494041 998
1786490556402 1.7106516808271408 999
1786490564476 1.711249627172947 1000
1786490567058 1.7098349630832672 1001
1786490569642 1.6923447251319885 1002
1786490572226 1.7040575370192528 1003
1786490574809 1.7250727340579033 1004
1786490577391 1.6716445833444595 1005
1786490579975 1.680499128997326 1006
1786490582558 1.6874516382813454 1007
1786490585142 1.6972660720348358 1008
1786490587725 1.7052208706736565 1009
1786490590308 1.6903795003890991 1010
1786490592892 1.6938041970133781 1011
1786490595476 1.6779046133160591 1012
1786490598065 1.6797434613108635 1013
1786490600649 1.6913825199007988 1014
1786490603232 1.692416951060295 1015
1786490605818 1.6589808836579323 1016
1786490608405 1.6813578084111214 1017
1786490610997 1.6881298124790192 1018
1786490613583 1.6889636516571045 1019
1786490616168 1.680415652692318 1020
1786490618752 1.6945296227931976 1021
1786490621334 1.6626944988965988 1022
1786490623917 1.703864224255085 1023
1786490626500 1.693978138267994 1024
1786490629087 1.6934524551033974 1025
1786490631676 1.6824718564748764 1026
1786490634259 1.6830593422055244 1027
1786490636841 1.6853090301156044 1028
1786490639423 1.6794001087546349 1029
1786490642004 1.6767981573939323 1030
1786490644585 1.6736756339669228 1031
1786490647168 1.6901433914899826 1032
1786490649749 1.6939216330647469 1033
1786490652331 1.6846245303750038 1034
1786490654912 1.6788271516561508 1035
1786490657493 1.6945627108216286 1036
1786490660075 1.692816011607647 1037
1786490662657 1.6857541799545288 1038
1786490665240 1.6795569062232971 1039
1786490667822 1.682176098227501 1040
1786490670403 1.6865303963422775 1041
1786490672985 1.6750783622264862 1042
1786490675567 1.681277558207512 1043
1786490678149 1.69072787463665 1044
1786490680731 1.6626444533467293 1045
1786490683312 1.6973254904150963 1046
1786490685893 1.673655852675438 1047
1786490688474 1.6815304458141327 1048
1786490691057 1.6715162843465805 1049
1786490693640 1.6576386839151382 1050
1786490696223 1.6847536265850067 1051
1786490698804 1.6583795547485352 1052
1786490701386 1.6489237919449806 1053
1786490703968 1.6664773002266884 1054
1786490706550 1.6563883572816849 1055
1786490709131 1.6714176163077354 1056
1786490711713 1.648208536207676 1057
1786490714295 1.6572536006569862 1058
1786490716876 1.6680246442556381 1059
1786490719460 1.639425627887249 1060
1786490722044 1.670648641884327 1061
1786490724627 1.649924747645855 1062
1786490727208 1.6691273003816605 1063
1786490729791 1.6754228845238686 1064
1786490732374 1.6772662997245789 1065
1786490734956 1.657019965350628 1066
1786490737538 1.6478810459375381 1067
1786490740119 1.6586947813630104 1068
1786490742702 1.6598193421959877 1069
1786490745283 1.6650556549429893 1070
1786490747865 1.6617154851555824 1071
1786490750450 1.6410905495285988 1072
1786490753033 1.6608189642429352 1073
1786490755616 1.6660627946257591 1074
1786490758193 1.6532752588391304 1075
1786490760776 1.6680068895220757 1076
1786490763361 1.6537171602249146 1077
1786490765945 1.6596515774726868 1078
1786490768529 1.6700801625847816 1079
1786490771112 1.6772310957312584 1080
1786490773696 1.6410087421536446 1081
1786490776280 1.6806323006749153 1082
1786490778863 1.658242091536522 1083
1786490781445 1.6519288942217827 1084
1786490784029 1.6444450095295906 1085
1786490786612 1.6838218048214912 1086
1786490789194 1.6662311926484108 1087
1786490791776 1.665099360048771 1088
1786490794360 1.6713316440582275 1089
1786490796943 1.642578974366188 1090
1786490799525 1.6505374759435654 1091
1786490802107 1.6701767891645432 1092
1786490804689 1.6315792500972748 1093
1786490807270 1.6523542627692223 1094
1786490809852 1.652768224477768 1095
1786490812436 1.6708598881959915 1096
1786490815021 1.6977249905467033 1097
1786490817604 1.6496713533997536 1098
1786490820187 1.6463762149214745 1099
1786490822771 1.6658853814005852 1100
1786490825354 1.6655383333563805 1101
1786490827943 1.6490472704172134 1102
1786490830529 1.660560853779316 1103
1786490833113 1.6458561196923256 1104
1786490835695 1.640996791422367 1105
1786490838277 1.6503062173724174 1106
1786490840860 1.6763710975646973 1107
1786490843442 1.6517681628465652 1108
1786490846025 1.6573471873998642 1109
1786490848607 1.6587127447128296 1110
1786490851191 1.6449272334575653 1111
1786490853774 1.6578804701566696 1112
1786490856356 1.6693309172987938 1113
1786490858938 1.6526365131139755 1114
1786490861522 1.659168966114521 1115
1786490864104 1.6634783521294594 1116
1786490866686 1.6372808367013931 1117
1786490869269 1.6124709397554398 1118
1786490871852 1.636746071279049 1119
1786490874435 1.658186249434948 1120
1786490877018 1.6364981904625893 1121
1786490879600 1.6516228690743446 1122
1786490882182 1.6310776099562645 1123
1786490884763 1.6355951502919197 1124
1786490887345 1.6308584287762642 1125
1786490889928 1.6451839208602905 1126
1786490892510 1.6401363015174866 1127
1786490895093 1.6556487306952477 1128
1786490897676 1.6389638632535934 1129
1786490900262 1.639461599290371 1130
1786490902847 1.6513534113764763 1131
1786490905435 1.654903195798397 1132
1786490908020 1.644174724817276 1133
1786490910603 1.634146973490715 1134
1786490913186 1.6277907639741898 1135
1786490915769 1.6484107971191406 1136
1786490918352 1.6381506696343422 1137
1786490920935 1.6338953226804733 1138
1786490923517 1.6397335529327393 1139
1786490926107 1.6442095786333084 1140
1786490928689 1.6367933005094528 1141
1786490931272 1.6207871586084366 1142
1786490933855 1.6316003873944283 1143
1786490936439 1.6140863075852394 1144
1786490939022 1.642387643456459 1145
1786490941605 1.6241893023252487 1146
1786490944188 1.6523809507489204 1147
1786490946772 1.6448073536157608 1148
1786490949351 1.6247004941105843 1149
1786490951926 1.5929572209715843 1150
1786490954499 1.6325016841292381 1151
1786490957074 1.6220343858003616 1152
1786490959658 1.6311431303620338 1153
1786490962242 1.6186595186591148 1154
1786490964821 1.6117448806762695 1155
1786490967395 1.6307209879159927 1156
1786490969974 1.6512798592448235 1157
1786490972549 1.641455501317978 1158
1786490975124 1.646437369287014 1159
1786490977697 1.641723282635212 1160
1786490980271 1.6135888025164604 1161
1786490982844 1.6272083222866058 1162
1786490985417 1.608219027519226 1163
1786490987995 1.6168605387210846 1164
1786490990575 1.639952890574932 1165
1786490993158 1.6529224291443825 1166
1786490995738 1.633836604654789 1167
1786490998319 1.6100842654705048 1168
1786491000899 1.6327878832817078 1169
1786491003482 1.6106678545475006 1170
1786491006078 1.6193673685193062 1171
1786491008660 1.6162937358021736 1172
1786491011246 1.6390820145606995 1173
1786491013821 1.6251395046710968 1174
1786491016394 1.6294812113046646 1175
1786491018968 1.621537707746029 1176
1786491021550 1.6090080440044403 1177
1786491024133 1.6222099140286446 1178
1786491026715 1.6241863295435905 1179
1786491029289 1.61515661329031 1180
1786491031864 1.6198824644088745 1181
1786491034438 1.6175031140446663 1182
1786491037012 1.6253193244338036 1183
1786491039587 1.6095858812332153 1184
1786491042162 1.6185608729720116 1185
1786491044737 1.6079707145690918 1186
1786491047313 1.6041297912597656 1187
1786491049887 1.5969081744551659 1188
1786491052463 1.6127269119024277 1189
1786491055037 1.6531338766217232 1190
1786491057611 1.6208650916814804 1191
1786491060185 1.6159389466047287 1192
1786491062758 1.610375538468361 1193
1786491065332 1.6420266032218933 1194
1786491067905 1.5747852995991707 1195
1786491070478 1.6048025116324425 1196
1786491073053 1.6123520880937576 1197
1786491075626 1.6135362908244133 1198
1786491078199 1.6190201491117477 1199
1786491080772 1.6293396279215813 1200
1786491083345 1.5949376970529556 1201
1786491085918 1.6152864918112755 1202
1786491088492 1.5998446196317673 1203
1786491091065 1.6138501837849617 1204
1786491093638 1.6167655810713768 1205
1786491096213 1.6225269883871078 1206
1786491098788 1.610098384320736 1207
1786491101369 1.6115612015128136 1208
1786491103951 1.6039292737841606 1209
1786491106532 1.6087238043546677 1210
1786491109114 1.6234964057803154 1211
1786491111696 1.6257425025105476 1212
1786491114278 1.611914500594139 1213
1786491116858 1.6192460879683495 1214
1786491119440 1.6255877614021301 1215
1786491122022 1.6019988730549812 1216
1786491124602 1.6091335639357567 1217
1786491127184 1.615769200026989 1218
1786491129766 1.5952082127332687 1219
1786491132348 1.6053639352321625 1220
1786491134929 1.593517392873764 1221
1786491137512 1.600799560546875 1222
1786491140093 1.5931024625897408 1223
1786491142674 1.62369055300951 1224
1786491145255 1.5964826568961143 1225
1786491147837 1.6075754761695862 1226
1786491150417 1.6092530116438866 1227
1786491152999 1.6097965389490128 1228
1786491155580 1.6270577162504196 1229
1786491158163 1.625822551548481 1230
1786491160744 1.5896407514810562 1231
1786491163328 1.6132726892828941 1232
1786491165909 1.585945576429367 1233
1786491168493 1.6128507032990456 1234
1786491171079 1.6067597046494484 1235
1786491173663 1.607414036989212 1236
1786491176246 1.5898082256317139 1237
1786491178829 1.599842831492424 1238
1786491181410 1.6075612157583237 1239
1786491183991 1.5946048572659492 1240
1786491186575 1.6034358441829681 1241
1786491189158 1.5971136838197708 1242
1786491191744 1.5846101120114326 1243
1786491194327 1.5896548852324486 1244
1786491196909 1.5816324278712273 1245
1786491199491 1.5846267640590668 1246
1786491202072 1.5873937159776688 1247
1786491204654 1.6127762272953987 1248
1786491207236 1.5926289036870003 1249
1786491209818 1.5941799730062485 1250
1786491212399 1.6157419607043266 1251
1786491214981 1.5831703916192055 1252
1786491217562 1.5903602540493011 1253
1786491220143 1.6248650774359703 1254
1786491222724 1.6017563194036484 1255
1786491225305 1.5984369665384293 1256
1786491227887 1.616224355995655 1257
1786491230470 1.5870260447263718 1258
1786491233053 1.59965268522501 1259
1786491235635 1.5962072014808655 1260
1786491238217 1.5841554775834084 1261
1786491240798 1.5946973264217377 1262
1786491243379 1.5982414856553078 1263
1786491245961 1.5927105098962784 1264
1786491248546 1.5815999135375023 1265
1786491251131 1.5892783850431442 1266
1786491253718 1.6163189187645912 1267
1786491256302 1.5992980971932411 1268
1786491258891 1.611633062362671 1269
1786491261476 1.5854757502675056 1270
1786491264063 1.586417019367218 1271
1786491266646 1.6146719604730606 1272
1786491269245 1.5979092493653297 1273
1786491271828 1.5770048648118973 1274
1786491274412 1.5996073633432388 1275
1786491276996 1.5760571584105492 1276
1786491279580 1.565284676849842 1277
1786491282163 1.5980476662516594 1278
1786491284746 1.5886669903993607 1279
1786491287329 1.5754646360874176 1280
1786491289915 1.5937673225998878 1281
1786491292501 1.5821252316236496 1282
1786491295090 1.610583782196045 1283
1786491297675 1.5929309725761414 1284
1786491300258 1.574195496737957 1285
1786491302842 1.5766040608286858 1286
1786491305425 1.5936477407813072 1287
1786491308008 1.5752945765852928 1288
1786491310591 1.6067203730344772 1289
1786491313173 1.5871489122509956 1290
1786491315758 1.6054924428462982 1291
1786491318340 1.5729597359895706 1292
1786491320922 1.5860030874609947 1293
1786491323505 1.5916555896401405 1294
1786491326087 1.6066469177603722 1295
1786491328669 1.5941926315426826 1296
1786491331251 1.5793719813227654 1297
1786491333835 1.5817095562815666 1298
1786491336417 1.5649651437997818 1299
1786491338998 1.5730507299304008 1300
1786491341578 1.5740958005189896 1301
1786491344158 1.5787623599171638 1302
1786491346739 1.5704499334096909 1303
1786491349320 1.5727088525891304 1304
1786491351901 1.5883601978421211 1305
1786491354481 1.5763511955738068 1306
1786491357064 1.6175874546170235 1307
1786491359645 1.589311696588993 1308
1786491362223 1.582102045416832 1309
1786491364795 1.5821954607963562 1310
1786491367369 1.5905200690031052 1311
1786491369941 1.583695650100708 1312
1786491372514 1.5691479295492172 1313
1786491375086 1.5834230482578278 1314
1786491377661 1.5942567810416222 1315
1786491380233 1.5682093054056168 1316
1786491382806 1.5514983609318733 1317
1786491385378 1.5765112191438675 1318
1786491387951 1.5779711082577705 1319
1786491390523 1.563625231385231 1320
1786491393096 1.5908695831894875 1321
1786491395668 1.5689005255699158 1322
1786491398242 1.577745407819748 1323
1786491400815 1.570083275437355 1324
1786491403388 1.559933327138424 1325
1786491405960 1.571350745856762 1326
1786491408533 1.5873042196035385 1327
1786491411105 1.5861604064702988 1328
1786491413678 1.570936568081379 1329
1786491416250 1.589525818824768 1330
1786491418823 1.5629229322075844 1331
1786491421397 1.5636255890130997 1332
1786491423970 1.5795906335115433 1333
1786491426542 1.570019319653511 1334
1786491429115 1.572451800107956 1335
1786491431688 1.5577991232275963 1336
1786491434262 1.5675620511174202 1337
1786491436835 1.564880445599556 1338
1786491439410 1.568500205874443 1339
1786491441995 1.5779391303658485 1340
1786491444578 1.5616996884346008 1341
1786491447161 1.5833040997385979 1342
1786491449744 1.5468171164393425 1343
1786491452329 1.5732096210122108 1344
1786491454919 1.571125566959381 1345
1786491457512 1.5831455439329147 1346
1786491460103 1.5838959366083145 1347
1786491462694 1.5565947219729424 1348
1786491465286 1.5528967007994652 1349
1786491467877 1.5709338039159775 1350
1786491470469 1.5689537450671196 1351
1786491473062 1.5674548298120499 1352
1786491475651 1.5665107443928719 1353
1786491478243 1.5653244107961655 1354
1786491480834 1.5676116570830345 1355
1786491483425 1.581069827079773 1356
1786491486019 1.5505330264568329 1357
1786491488603 1.5756826400756836 1358
1786491491187 1.5840601697564125 1359
1786491493772 1.556170366704464 1360
1786491496355 1.5628969818353653 1361
1786491498944 1.5832339003682137 1362
1786491501526 1.5542773008346558 1363
1786491504109 1.5716126784682274 1364
1786491506691 1.5571251213550568 1365
1786491509273 1.5813086926937103 1366
1786491511854 1.544643260538578 1367
1786491514437 1.5586161613464355 1368
1786491517020 1.5703903660178185 1369
1786491519602 1.5712544843554497 1370
1786491522184 1.5516228154301643 1371
1786491524765 1.576427310705185 1372
1786491527348 1.5702266246080399 1373
1786491529930 1.5722585171461105 1374
1786491532514 1.5670194998383522 1375
1786491535096 1.5579870268702507 1376
1786491537679 1.5530848875641823 1377
1786491540261 1.5694823414087296 1378
1786491542844 1.5573955029249191 1379
1786491545428 1.5546612069010735 1380
1786491548010 1.5358429476618767 1381
1786491550593 1.5535166263580322 1382
1786491553176 1.558041900396347 1383
1786491555759 1.5382764786481857 1384
1786491558343 1.5496662929654121 1385
1786491560924 1.5520202443003654 1386
1786491563506 1.5640678852796555 1387
1786491566087 1.5493303760886192 1388
1786491568669 1.5452100858092308 1389
1786491571250 1.5739904940128326 1390
1786491573831 1.5427009016275406 1391
1786491576413 1.534204326570034 1392
1786491578995 1.5416771322488785 1393
1786491581576 1.559382550418377 1394
1786491584161 1.5441778004169464 1395
1786491586742 1.5638360381126404 1396
1786491589317 1.556754820048809 1397
1786491591891 1.5470685884356499 1398
1786491594464 1.5646099224686623 1399
1786491597043 1.5533113032579422 1400
1786491599617 1.5260201841592789 1401
1786491602190 1.5461333990097046 1402
1786491604765 1.5246154814958572 1403
1786491607340 1.549236960709095 1404
1786491609914 1.5555511265993118 1405
1786491612487 1.555190570652485 1406
1786491615069 1.532237060368061 1407
1786491617653 1.5371019765734673 1408
1786491620235 1.549819141626358 1409
1786491622818 1.5450018793344498 1410
1786491625400 1.5746972486376762 1411
1786491627984 1.5661955028772354 1412
1786491630568 1.5693777576088905 1413
1786491633152 1.5753300189971924 1414
1786491635736 1.5747162774205208 1415
1786491638320 1.5467911958694458 1416
1786491640903 1.5367286875844002 1417
1786491643487 1.5370706096291542 1418
1786491646070 1.5509633496403694 1419
1786491648654 1.5533648803830147 1420
1786491651239 1.5578327029943466 1421
1786491653822 1.5361932516098022 1422
1786491656406 1.5456526800990105 1423
1786491658989 1.5301495864987373 1424
1786491661573 1.5486894473433495 1425
1786491664155 1.5509378835558891 1426
1786491666737 1.5268791690468788 1427
1786491669319 1.5287068262696266 1428
1786491671902 1.5396849736571312 1429
1786491674484 1.5616127848625183 1430
1786491677065 1.5414192527532578 1431
1786491679647 1.558545060455799 1432
1786491682229 1.5376852750778198 1433
1786491684810 1.5428233668208122 1434
1786491687391 1.545951522886753 1435
1786491689973 1.5535246133804321 1436
1786491692555 1.5676441937685013 1437
1786491695138 1.5555541813373566 1438
1786491697721 1.5504976734519005 1439
1786491700308 1.5446566045284271 1440
1786491702894 1.5713155791163445 1441
1786491705476 1.552747093141079 1442
1786491708057 1.5618045702576637 1443
1786491710639 1.5429475232958794 1444
1786491713223 1.5258240029215813 1445
1786491715806 1.5490465685725212 1446
1786491718389 1.562082178890705 1447
1786491720972 1.5364925786852837 1448
1786491723555 1.5436985716223717 1449
1786491726143 1.51921346783638 1450
1786491728729 1.521647185087204 1451
1786491731312 1.575766235589981 1452
1786491733895 1.545962430536747 1453
1786491736477 1.5249196887016296 1454
1786491739059 1.5149236768484116 1455
1786491741642 1.5388940572738647 1456
1786491744225 1.5396031066775322 1457
1786491746808 1.5458813235163689 1458
1786491749390 1.541458323597908 1459
1786491751973 1.534482017159462 1460
1786491754556 1.5141922235488892 1461
1786491757139 1.5420535430312157 1462
1786491759723 1.5499334931373596 1463
1786491762307 1.5300754010677338 1464
1786491764890 1.552221991121769 1465
1786491767472 1.5381872281432152 1466
1786491770058 1.5297984555363655 1467
1786491772640 1.5312572121620178 1468
1786491775223 1.5197388380765915 1469
1786491777804 1.5209150984883308 1470
1786491780386 1.5534820333123207 1471
1786491782967 1.5249366834759712 1472
1786491785550 1.5604914501309395 1473
1786491788132 1.530464343726635 1474
1786491790713 1.5213346630334854 1475
1786491793296 1.5489600524306297 1476
1786491795877 1.5301171094179153 1477
1786491798458 1.5510139092803001 1478
1786491801039 1.5396629124879837 1479
1786491803621 1.51578339189291 1480
1786491806202 1.5116424039006233 1481
1786491808785 1.5076920911669731 1482
1786491811367 1.527513213455677 1483
1786491813948 1.5012313202023506 1484
1786491816530 1.53184212744236 1485
1786491819112 1.5351044833660126 1486
1786491821695 1.520184762775898 1487
1786491824277 1.522453896701336 1488
1786491826860 1.5445349588990211 1489
1786491829441 1.5149383246898651 1490
1786491832023 1.5332632586359978 1491
1786491834605 1.5260689407587051 1492
1786491837191 1.5119821429252625 1493
1786491839774 1.5422497913241386 1494
1786491842347 1.5364495664834976 1495
1786491844920 1.5102947279810905 1496
1786491847493 1.531525194644928 1497
1786491850067 1.492785520851612 1498
1786491852640 1.5254585891962051 1499
1786491857672 1.5332059562206268 1500
1786491860247 1.5285389870405197 1501
1786491862822 1.5181030854582787 1502
1786491865396 1.5069595202803612 1503
1786491867970 1.5165115669369698 1504
1786491870544 1.520636409521103 1505
1786491873119 1.5343219563364983 1506
1786491875693 1.5288993939757347 1507
1786491878267 1.5258972644805908 1508
1786491880841 1.5305107682943344 1509
1786491883416 1.516913928091526 1510
1786491885990 1.5434909090399742 1511
1786491888564 1.5245937779545784 1512
1786491891141 1.5281414315104485 1513
1786491893717 1.5273080170154572 1514
1786491896294 1.5161838978528976 1515
1786491898869 1.4963165894150734 1516
1786491901443 1.4864375367760658 1517
1786491904018 1.507397636771202 1518
1786491906601 1.5353343039751053 1519
1786491909176 1.5385896041989326 1520
1786491911750 1.5231083407998085 1521
1786491914326 1.5186699107289314 1522
1786491916901 1.4892300814390182 1523
1786491919475 1.5304536446928978 1524
1786491922054 1.494130127131939 1525
1786491924638 1.5204797834157944 1526
1786491927221 1.5371766835451126 1527
1786491929805 1.509742058813572 1528
1786491932388 1.5319007486104965 1529
1786491934971 1.501120738685131 1530
1786491937555 1.5185153856873512 1531
1786491940139 1.5026496276259422 1532
1786491942722 1.522133730351925 1533
1786491945305 1.5108676329255104 1534
1786491947887 1.5112271681427956 1535
1786491950472 1.501235269010067 1536
1786491953055 1.5268364772200584 1537
1786491955637 1.5285481363534927 1538
1786491958221 1.5145357176661491 1539
1786491960804 1.4898029118776321 1540
1786491963386 1.5114886984229088 1541
1786491965968 1.5115156099200249 1542
1786491968553 1.5372053906321526 1543
1786491971139 1.503890685737133 1544
1786491973725 1.4880123063921928 1545
1786491976310 1.5012139454483986 1546
1786491978893 1.5149881914258003 1547
1786491981477 1.5130150094628334 1548
1786491984062 1.4861253798007965 1549
1786491986648 1.5229533016681671 1550
1786491989233 1.5024128332734108 1551
1786491991818 1.4949884563684464 1552
1786491994401 1.4897603020071983 1553
1786491996986 1.496844545006752 1554
1786491999573 1.4978838711977005 1555
1786492002156 1.5017058104276657 1556
1786492004739 1.5203184857964516 1557
1786492007322 1.5060197710990906 1558
1786492009904 1.4869337975978851 1559
1786492012487 1.4978487342596054 1560
1786492015070 1.504997342824936 1561
1786492017653 1.5054761245846748 1562
1786492020236 1.5026549994945526 1563
1786492022820 1.4792731925845146 1564
1786492025403 1.4836743995547295 1565
1786492027986 1.4933019205927849 1566
1786492030569 1.4915806502103806 1567
1786492033152 1.4999737739562988 1568
1786492035734 1.5078992024064064 1569
1786492038316 1.5179035440087318 1570
1786492040899 1.4956132397055626 1571
1786492043483 1.4989690631628036 1572
1786492046065 1.4870858862996101 1573
1786492048649 1.5119618102908134 1574
1786492051232 1.5101420059800148 1575
1786492053818 1.5464952513575554 1576
1786492056403 1.5017580166459084 1577
1786492058987 1.4894235953688622 1578
1786492061570 1.5043792873620987 1579
1786492064152 1.4871278554201126 1580
1786492066734 1.477484442293644 1581
1786492069316 1.489411287009716 1582
1786492071899 1.490151360630989 1583
1786492074481 1.4965366795659065 1584
1786492077064 1.4836254641413689 1585
1786492079646 1.5111344158649445 1586
1786492082229 1.5232659205794334 1587
1786492084811 1.496808871626854 1588
1786492087394 1.5190230533480644 1589
1786492089978 1.5243589654564857 1590
1786492092560 1.521600142121315 1591
1786492095143 1.502473920583725 1592
1786492097724 1.475194051861763 1593
1786492100306 1.477583035826683 1594
1786492102890 1.5209567248821259 1595
1786492105474 1.503114528954029 1596
1786492108057 1.5111379250884056 1597
1786492110641 1.489874742925167 1598
1786492113225 1.4968736991286278 1599
1786492115809 1.5063502714037895 1600
1786492118393 1.4836294427514076 1601
1786492120980 1.4927526414394379 1602
1786492123567 1.4676105231046677 1603
1786492126148 1.4858912602066994 1604
1786492128730 1.5028813108801842 1605
1786492131313 1.4818972647190094 1606
1786492133900 1.4993802607059479 1607
1786492136486 1.4989715740084648 1608
1786492139071 1.4832228049635887 1609
1786492141656 1.5188476368784904 1610
1786492144241 1.498874582350254 1611
1786492146828 1.47718246281147 1612
1786492149411 1.495486281812191 1613
1786492151995 1.5018002837896347 1614
1786492154580 1.4818089678883553 1615
1786492157164 1.5018486455082893 1616
1786492159748 1.4725337475538254 1617
1786492162331 1.4892982989549637 1618
1786492164915 1.4946333840489388 1619
1786492167498 1.4840755462646484 1620
1786492170081 1.4849772602319717 1621
1786492172665 1.488674320280552 1622
1786492175249 1.4988402798771858 1623
1786492177833 1.4794910997152328 1624
1786492180417 1.4679810479283333 1625
1786492183001 1.488752193748951 1626
1786492185585 1.4933703765273094 1627
1786492188169 1.4790397956967354 1628
1786492190753 1.5014359876513481 1629
1786492193338 1.5144396796822548 1630
1786492195928 1.4895255342125893 1631
1786492198514 1.5024692714214325 1632
1786492201097 1.4764441773295403 1633
1786492203680 1.472795084118843 1634
1786492206262 1.4795052111148834 1635
1786492208846 1.474120780825615 1636
1786492211428 1.4867907613515854 1637
1786492214011 1.468411609530449 1638
1786492216592 1.4859131574630737 1639
1786492219176 1.4953930601477623 1640
1786492221759 1.4758413285017014 1641
1786492224343 1.4927303120493889 1642
1786492226928 1.4993216767907143 1643
1786492229512 1.492517665028572 1644
1786492232095 1.4822141081094742 1645
1786492234679 1.4806634783744812 1646
1786492237263 1.4612862691283226 1647
1786492239847 1.482966996729374 1648
1786492242430 1.4979622587561607 1649
1786492245014 1.4848062992095947 1650
1786492247598 1.480649694800377 1651
1786492250186 1.4807903319597244 1652
1786492252772 1.474266678094864 1653
1786492255348 1.4848653301596642 1654
1786492257924 1.4602778926491737 1655
1786492260498 1.4904378652572632 1656
1786492263073 1.4804587662220001 1657
1786492265648 1.4771432131528854 1658
1786492268225 1.4928319156169891 1659
1786492270808 1.4558415934443474 1660
1786492273391 1.4748646095395088 1661
1786492275975 1.456930860877037 1662
1786492278562 1.4893166273832321 1663
1786492281146 1.482582226395607 1664
1786492283730 1.4723906517028809 1665
1786492286317 1.4717687740921974 1666
1786492288902 1.4595530405640602 1667
1786492291487 1.4600066989660263 1668
1786492294071 1.4692215099930763 1669
1786492296656 1.441435769200325 1670
1786492299240 1.487218163907528 1671
1786492301825 1.4933594763278961 1672
1786492304409 1.4429798051714897 1673
1786492306993 1.4569009840488434 1674
1786492309578 1.4861397594213486 1675
1786492312166 1.476906031370163 1676
1786492314751 1.4551359787583351 1677
1786492317337 1.4743392243981361 1678
1786492319921 1.4744517505168915 1679
1786492322507 1.4568913131952286 1680
1786492325092 1.479723870754242 1681
1786492327676 1.478789560496807 1682
1786492330260 1.4543377384543419 1683
1786492332844 1.486801102757454 1684
1786492335423 1.4748414903879166 1685
1786492337997 1.4670295491814613 1686
1786492340572 1.4585700705647469 1687
1786492343146 1.4856285229325294 1688
1786492345721 1.4685131907463074 1689
1786492348295 1.4660245403647423 1690
1786492350871 1.4802026972174644 1691
1786492353447 1.4439337104558945 1692
1786492356023 1.4717738553881645 1693
1786492358599 1.4492537379264832 1694
1786492361173 1.4647493585944176 1695
1786492363747 1.4541130885481834 1696
1786492366321 1.4844950810074806 1697
1786492368895 1.4511006698012352 1698
1786492371470 1.4773029312491417 1699
1786492374045 1.4669678136706352 1700
1786492376619 1.487767942249775 1701
1786492379193 1.4680245518684387 1702
1786492381767 1.4370976686477661 1703
1786492384342 1.4763962179422379 1704
1786492386917 1.4904007315635681 1705
1786492389491 1.446869596838951 1706
1786492392065 1.4756954163312912 1707
1786492394639 1.4582682326436043 1708
1786492397214 1.4611551687121391 1709
1786492399788 1.4841485545039177 1710
1786492402362 1.465918593108654 1711
1786492404936 1.4556937217712402 1712
1786492407510 1.4593507051467896 1713
1786492410085 1.4783026054501534 1714
1786492412659 1.492134913802147 1715
1786492415236 1.4422643333673477 1716
1786492417811 1.431207999587059 1717
1786492420385 1.4576982706785202 1718
1786492422959 1.4550039991736412 1719
1786492425534 1.4633743092417717 1720
1786492428108 1.4720971062779427 1721
1786492430682 1.463816024363041 1722
1786492433258 1.4792710989713669 1723
1786492435834 1.4334146082401276 1724
1786492438408 1.4432914778590202 1725
1786492440982 1.4499042853713036 1726
1786492443556 1.4416250810027122 1727
1786492446131 1.456419438123703 1728
1786492448706 1.4476184248924255 1729
1786492451280 1.4534542560577393 1730
1786492453854 1.4520216807723045 1731
1786492456428 1.4333024621009827 1732
1786492459006 1.4327245205640793 1733
1786492461579 1.4508514925837517 1734
1786492464154 1.4559748768806458 1735
1786492466729 1.4464323669672012 1736
1786492469303 1.4658700078725815 1737
1786492471877 1.439870648086071 1738
1786492474451 1.4327950030565262 1739
1786492477025 1.4755905270576477 1740
1786492479607 1.425850622355938 1741
1786492482191 1.4484715461730957 1742
1786492484773 1.4492340087890625 1743
1786492487355 1.4607652947306633 1744
1786492489937 1.4418868124485016 1745
1786492492523 1.4739173874258995 1746
1786492495107 1.455664984881878 1747
1786492497690 1.4625008031725883 1748
1786492500274 1.4371674284338951 1749
1786492502856 1.4228355959057808 1750
1786492505440 1.459595799446106 1751
1786492508024 1.4459901824593544 1752
1786492510606 1.446010336279869 1753
1786492513191 1.4455387890338898 1754
1786492515777 1.4485510513186455 1755
1786492518363 1.4279362112283707 1756
1786492520947 1.427890382707119 1757
1786492523532 1.4194017350673676 1758
1786492526117 1.4273483827710152 1759
1786492528702 1.446064941585064 1760
1786492531290 1.4365884438157082 1761
1786492533875 1.4331041425466537 1762
1786492536460 1.447228379547596 1763
1786492539045 1.4325502142310143 1764
1786492541629 1.4456729516386986 1765
1786492544215 1.4398805275559425 1766
1786492546806 1.4577214568853378 1767
1786492549389 1.4324091896414757 1768
1786492551973 1.4468469768762589 1769
1786492554556 1.436742626130581 1770
1786492557140 1.4446180686354637 1771
1786492559724 1.4397902339696884 1772
1786492562301 1.4221532568335533 1773
1786492564878 1.456308014690876 1774
1786492567454 1.4245846197009087 1775
1786492570030 1.4228299260139465 1776
1786492572605 1.4600213393568993 1777
1786492575181 1.465883508324623 1778
1786492577762 1.450444035232067 1779
1786492580354 1.4170176088809967 1780
1786492582937 1.4396501779556274 1781
1786492585521 1.453754760324955 1782
1786492588104 1.4358640238642693 1783
1786492590688 1.4267959147691727 1784
1786492593271 1.4408273100852966 1785
1786492595850 1.4283265843987465 1786
1786492598424 1.4396659880876541 1787
1786492600999 1.426615722477436 1788
1786492603573 1.4246051013469696 1789
1786492606148 1.43695567548275 1790
1786492608722 1.433877632021904 1791
1786492611296 1.4093990847468376 1792
1786492613872 1.4271204397082329 1793
1786492616446 1.4309664368629456 1794
1786492619020 1.4272408410906792 1795
1786492621594 1.4392696544528008 1796
1786492624168 1.4370111972093582 1797
1786492626742 1.4185502752661705 1798
1786492629318 1.4126534089446068 1799
1786492631893 1.4373058006167412 1800
1786492634470 1.426520586013794 1801
1786492637045 1.4305878803133965 1802
1786492639619 1.4076815769076347 1803
1786492642194 1.4059032574295998 1804
1786492644770 1.4321330189704895 1805
1786492647348 1.436656877398491 1806
1786492649923 1.4187491983175278 1807
1786492652498 1.4102768823504448 1808
1786492655072 1.424396075308323 1809
1786492657646 1.4212565869092941 1810
1786492660221 1.428453005850315 1811
1786492662795 1.4105079248547554 1812
1786492665370 1.412327453494072 1813
1786492667944 1.4157810285687447 1814
1786492670519 1.3987458273768425 1815
1786492673094 1.4104036688804626 1816
1786492675669 1.412067361176014 1817
1786492678246 1.425460323691368 1818
1786492680820 1.412493459880352 1819
1786492683395 1.4259890988469124 1820
1786492685970 1.4135609939694405 1821
1786492688544 1.4296348243951797 1822
1786492691119 1.426327995955944 1823
1786492693704 1.4287608861923218 1824
1786492696292 1.4135186225175858 1825
1786492698877 1.4207053110003471 1826
1786492701461 1.4175864234566689 1827
1786492704046 1.4037934020161629 1828
1786492706632 1.4172555729746819 1829
1786492709220 1.4120081141591072 1830
1786492711805 1.4108601659536362 1831
1786492714390 1.4133871644735336 1832
1786492716975 1.4216783121228218 1833
1786492719561 1.4135339483618736 1834
1786492722146 1.4178977012634277 1835
1786492724732 1.4089338928461075 1836
1786492727316 1.4298634603619576 1837
1786492729900 1.4191806614398956 1838
1786492732486 1.4181784763932228 1839
1786492735071 1.424306958913803 1840
1786492737656 1.4012435749173164 1841
1786492740242 1.405154898762703 1842
1786492742827 1.4192789644002914 1843
1786492745413 1.418678157031536 1844
1786492747999 1.4164984300732613 1845
1786492750584 1.4370430782437325 1846
1786492753169 1.4268565401434898 1847
1786492755755 1.4111572206020355 1848
1786492758339 1.4214130192995071 1849
1786492760924 1.3917063400149345 1850
1786492763509 1.4123288094997406 1851
1786492766094 1.3999089673161507 1852
1786492768680 1.4236167669296265 1853
1786492771264 1.4054087549448013 1854
1786492773850 1.4022715538740158 1855
1786492776435 1.4246160611510277 1856
1786492779020 1.4210519269108772 1857
1786492781604 1.4004516303539276 1858
1786492784189 1.3962964043021202 1859
1786492786774 1.401699036359787 1860
1786492789358 1.3860962688922882 1861
1786492791943 1.4203095734119415 1862
1786492794531 1.4174233973026276 1863
1786492797119 1.419675961136818 1864
1786492799705 1.4221180230379105 1865
1786492802290 1.4046398028731346 1866
1786492804876 1.4099274650216103 1867
1786492807473 1.4158831089735031 1868
1786492810059 1.4049746841192245 1869
1786492812644 1.3953211978077888 1870
1786492815230 1.388229362666607 1871
1786492817815 1.3902884498238564 1872
1786492820400 1.4044563695788383 1873
1786492822986 1.3732744380831718 1874
1786492825571 1.418961763381958 1875
1786492828154 1.4420768767595291 1876
1786492830737 1.4217870384454727 1877
1786492833320 1.4059863239526749 1878
1786492835903 1.423246905207634 1879
1786492838486 1.4134311899542809 1880
1786492841070 1.4162611439824104 1881
1786492843653 1.4009019806981087 1882
1786492846236 1.384392887353897 1883
1786492848819 1.4233314618468285 1884
1786492851403 1.400591716170311 1885
1786492853988 1.371340848505497 1886
1786492856571 1.3857107013463974 1887
1786492859154 1.3915753215551376 1888
1786492861736 1.4029639884829521 1889
1786492864319 1.4043200761079788 1890
1786492866902 1.3998720422387123 1891
1786492869485 1.3983650505542755 1892
1786492872067 1.4046509116888046 1893
1786492874650 1.4046000763773918 1894
1786492877233 1.4190819039940834 1895
1786492879815 1.4015765264630318 1896
1786492882397 1.3955625891685486 1897
1786492884980 1.3943093344569206 1898
1786492887562 1.3940657898783684 1899
1786492890145 1.3894192054867744 1900
1786492892728 1.3902957886457443 1901
1786492895311 1.399775244295597 1902
1786492897896 1.394627958536148 1903
1786492900480 1.3850833177566528 1904
1786492903065 1.3998148739337921 1905
1786492905651 1.3928921297192574 1906
1786492908238 1.391404002904892 1907
1786492910827 1.3849796652793884 1908
1786492913413 1.369837112724781 1909
1786492916000 1.3980791941285133 1910
1786492918586 1.412440463900566 1911
1786492921170 1.4000261723995209 1912
1786492923756 1.3838995546102524 1913
1786492926341 1.403416983783245 1914
1786492928926 1.3993744403123856 1915
1786492931510 1.390155978500843 1916
1786492934095 1.3805126547813416 1917
1786492936680 1.405969649553299 1918
1786492939266 1.4054010212421417 1919
1786492941851 1.3912513926625252 1920
1786492944436 1.3764326721429825 1921
1786492947021 1.4021438881754875 1922
1786492949606 1.3830085918307304 1923
1786492952191 1.4064166322350502 1924
1786492954775 1.3765766099095345 1925
1786492957360 1.3817799389362335 1926
1786492959945 1.3839162737131119 1927
1786492962530 1.3654780611395836 1928
1786492965114 1.3994470313191414 1929
1786492967699 1.3840402513742447 1930
1786492970285 1.3953697979450226 1931
1786492972877 1.3932243511080742 1932
1786492975462 1.3995035365223885 1933
1786492978045 1.3794613257050514 1934
1786492980629 1.3793228343129158 1935
1786492983213 1.401401273906231 1936
1786492985801 1.3872769922018051 1937
1786492988386 1.4035087823867798 1938
1786492990971 1.403609685599804 1939
1786492993556 1.3979601562023163 1940
1786492996142 1.3903152123093605 1941
1786492998726 1.382662370800972 1942
1786493001314 1.3762338012456894 1943
1786493003898 1.3865763992071152 1944
1786493006483 1.3765260353684425 1945
1786493009067 1.3757864385843277 1946
1786493011653 1.3769709765911102 1947
1786493014237 1.38355952501297 1948
1786493016821 1.3769735619425774 1949
1786493019405 1.3983693569898605 1950
1786493021990 1.3745383769273758 1951
1786493024574 1.373053029179573 1952
1786493027159 1.3637436106801033 1953
1786493029744 1.3742602542042732 1954
1786493032329 1.3684318289160728 1955
1786493034914 1.3730090633034706 1956
1786493037500 1.3863745257258415 1957
1786493040087 1.3826003819704056 1958
1786493042671 1.3831838965415955 1959
1786493045257 1.390701025724411 1960
1786493047842 1.374404452741146 1961
1786493050426 1.388812579214573 1962
1786493053011 1.382528230547905 1963
1786493055596 1.3850042894482613 1964
1786493058181 1.4002968445420265 1965
1786493060765 1.392847217619419 1966
1786493063351 1.3818912580609322 1967
1786493065936 1.3777239248156548 1968
1786493068520 1.3742170184850693 1969
1786493071106 1.3742098584771156 1970
1786493073691 1.350235253572464 1971
1786493076277 1.3662593215703964 1972
1786493078861 1.381682850420475 1973
1786493081446 1.386535868048668 1974
1786493084031 1.3931562155485153 1975
1786493086615 1.3959189653396606 1976
1786493089201 1.3659948781132698 1977
1786493091787 1.3697023689746857 1978
1786493094372 1.3686163872480392 1979
1786493096957 1.3687988296151161 1980
1786493099542 1.417925775051117 1981
1786493102126 1.3843932300806046 1982
1786493104712 1.3794064298272133 1983
1786493107297 1.3867190927267075 1984
1786493109881 1.3770966604351997 1985
1786493112465 1.3952803015708923 1986
1786493115050 1.3671096786856651 1987
1786493117637 1.3738275095820427 1988
1786493120221 1.3550387769937515 1989
1786493122805 1.3676064535975456 1990
1786493125389 1.3853906020522118 1991
1786493127973 1.3865980431437492 1992
1786493130557 1.3997667878866196 1993
1786493133141 1.3907110095024109 1994
1786493135725 1.4121545553207397 1995
1786493138312 1.3805516734719276 1996
1786493140898 1.3618005216121674 1997
1786493143484 1.3792579099535942 1998
1786493146067 1.3788421526551247 1999
