1786487967578 0.011083331832196563 0
1786487970157 0.011082237353548408 1
1786487972732 0.011082476587034762 2
1786487975306 0.011083580204285681 3
1786487977880 0.011082423327025026 4
1786487980455 0.011082422395702451 5
1786487983032 0.011081329255830497 6
1786487985629 0.011082686891313642 7
1786487988206 0.011081654636655003 8
1786487990783 0.011081659002229571 9
1786487993363 0.01108238595770672 10
1786487995941 0.011081121221650392 11
1786487998517 0.011081828852184117 12
1786488001096 0.011080762837082148 13
1786488003675 0.011078885989263654 14
1786488006255 0.011079906893428415 15
1786488008837 0.01107877935282886 16
1786488011419 0.011078195529989898 17
1786488014008 0.011078610550612211 18
1786488016594 0.011077823990490288 19
1786488019184 0.011077608331106603 20
1786488021774 0.011077377654146403 21
1786488024355 0.011077752453275025 22
1786488026935 0.011077779345214367 23
1786488029515 0.011077896517235786 24
1786488032095 0.011080646596383303 25
1786488034674 0.011084720492362976 26
1786488037255 0.011085545644164085 27
1786488039835 0.01108682551421225 28
1786488042418 0.011083420307841152 29
1786488045012 0.011086800077464432 30
1786488047595 0.011084652389399707 31
1786488050181 0.011086353741120547 32
1786488052762 0.011084560945164412 33
1786488055348 0.011081400967668742 34
1786488057932 0.011084135388955474 35
1786488060519 0.011083025252446532 36
1786488063106 0.011080308875534683 37
1786488065691 0.011081258300691843 38
1786488068273 0.011079823190812021 39
1786488070854 0.0110778744565323 40
1786488073437 0.011075300455559045 41
1786488076022 0.011070116655901074 42
1786488078607 0.01106581004569307 43
1786488081196 0.011063135869335383 44
1786488083781 0.011063669458962977 45
1786488086371 0.011063797923270613 46
1786488088962 0.011061263736337423 47
1786488091545 0.011055110197048634 48
1786488094127 0.011055895942263305 49
1786488096710 0.011045887775253505 50
1786488099294 0.011045701161492616 51
1786488101878 0.011034212773665786 52
1786488104458 0.011031151574570686 53
1786488107037 0.011029744404368103 54
1786488109622 0.011025485931895673 55
1786488112208 0.011019960686098784 56
1786488114797 0.011017126380465925 57
1786488117386 0.011012254690285772 58
1786488119980 0.011005912267137319 59
1786488122567 0.011002906074281782 60
1786488125151 0.01099643250927329 61
1786488127732 0.010995290649589151 62
1786488130313 0.010985042667016387 63
1786488132896 0.01098861830541864 64
1786488135479 0.010987848683726043 65
1786488138062 0.010983956686686724 66
1786488140646 0.010979802755173296 67
1786488143231 0.010973603231832385 68
1786488145815 0.010967477923259139 69
1786488148404 0.01095829316182062 70
1786488150997 0.010957230813801289 71
1786488153591 0.010951274132821709 72
1786488156172 0.010949149786029011 73
1786488158760 0.010943568428047001 74
1786488161341 0.010936521750409156 75
1786488163923 0.010924735222943127 76
1786488166505 0.010915264894720167 77
1786488169088 0.010917790292296559 78
1786488171676 0.01090968248900026 79
1786488174258 0.01089436054462567 80
1786488176839 0.010894985869526863 81
1786488179423 0.010888518241699785 82
1786488182008 0.010876665939576924 83
1786488184592 0.010875166452024132 84
1786488187178 0.010863417235668749 85
1786488189760 0.010856216365937144 86
1786488192341 0.010849842976313084 87
1786488194922 0.010854000924155116 88
1786488197502 0.010845219949260354 89
1786488200080 0.010831826773937792 90
1786488202659 0.010827775346115232 91
1786488205239 0.010830829618498683 92
1786488207818 0.010817464848514646 93
1786488210402 0.010812117718160152 94
1786488212984 0.010803838609717786 95
1786488215566 0.010792332526762038 96
1786488218144 0.010784356505610049 97
1786488220723 0.010780683893244714 98
1786488223304 0.010767559229861945 99
1786488225887 0.010769611864816397 100
1786488228475 0.010757199197541922 101
1786488231063 0.010745362553279847 102
1786488233647 0.010739167220890522 103
1786488236231 0.010729744157288224 104
1786488238814 0.010718986333813518 105
1786488241398 0.010707760928198695 106
1786488243979 0.01070687739411369 107
1786488246569 0.010699161619413644 108
1786488249154 0.010697618243284523 109
1786488251737 0.010675662662833929 110
1786488254320 0.010674664052203298 111
1786488256903 0.010676986305043101 112
1786488259479 0.010661976528353989 113
1786488262057 0.010653462901245803 114
1786488264630 0.010646875714883208 115
1786488267216 0.010629820462781936 116
1786488269797 0.010623612499330193 117
1786488272376 0.010634247388225049 118
1786488274957 0.010612231213599443 119
1786488277537 0.010606130585074425 120
1786488280118 0.010602525086142123 121
1786488282702 0.010594423569273204 122
1786488285286 0.010562475130427629 123
1786488287867 0.01055933820316568 124
1786488290448 0.010575876105576754 125
1786488293031 0.010561514762230217 126
1786488295613 0.010545303579419851 127
1786488298195 0.01053467474412173 128
1786488300775 0.010547048936132342 129
1786488303360 0.01053356338525191 130
1786488305954 0.010509952378924936 131
1786488308537 0.010503311641514301 132
1786488311119 0.010510429798159748 133
1786488313702 0.010483770223800093 134
1786488316282 0.010457558440975845 135
1786488318863 0.010473532369360328 136
1786488321444 0.010477526171598583 137
1786488324025 0.010461807600222528 138
1786488326607 0.01043974858475849 139
1786488329190 0.010459525918122381 140
1786488331774 0.010431734728626907 141
1786488334358 0.010417448065709323 142
1786488336943 0.010426286782603711 143
1786488339529 0.01043654145905748 144
1786488342112 0.010401024541351944 145
1786488344695 0.010383521788753569 146
1786488347275 0.010389232775196433 147
1786488349858 0.01038709923159331 148
1786488352441 0.010360454733017832 149
1786488355025 0.010369116032961756 150
1786488357607 0.010374576493632048 151
1786488360188 0.010350644937716424 152
1786488362770 0.010335050465073436 153
1786488365353 0.010333657031878829 154
1786488367939 0.010338212712667882 155
1786488370526 0.01032752956962213 156
1786488373110 0.010319675202481449 157
1786488375696 0.010308141470886767 158
1786488378280 0.01029952138196677 159
1786488380860 0.01028733147541061 160
1786488383442 0.010290482314303517 161
1786488386024 0.010292660677805543 162
1786488388608 0.010274433996528387 163
1786488391188 0.010272677871398628 164
1786488393768 0.010252918931655586 165
1786488396348 0.010257014189846814 166
1786488398934 0.010252724925521761 167
1786488401516 0.010246233141515404 168
1786488404100 0.010233718028757721 169
1786488406684 0.010225307079963386 170
1786488409266 0.01021183334523812 171
1786488411845 0.010212560940999538 172
1786488414428 0.010222668061032891 173
1786488417014 0.010212331137154251 174
1786488419597 0.010209443396888673 175
1786488422177 0.010202125064097345 176
1786488424759 0.010197043186053634 177
1786488427340 0.010198567004408687 178
1786488429921 0.010208733554463834 179
1786488432500 0.010204416641499847 180
1786488435080 0.010186894272919744 181
1786488437661 0.01017381448764354 182
1786488440243 0.010180102835875005 183
1786488442826 0.010195779555942863 184
1786488445413 0.01017670554574579 185
1786488447999 0.010167480853851885 186
1786488450587 0.010154798161238432 187
1786488453196 0.01017227751435712 188
1786488455778 0.010169063287321478 189
1786488458363 0.010165843763388693 190
1786488460946 0.010160337202250957 191
1786488463530 0.010146085522137582 192
1786488466112 0.010156179836485535 193
1786488468696 0.010143399005755782 194
1786488471278 0.01013526547467336 195
1786488473863 0.01014043198665604 196
1786488476445 0.010177965566981584 197
1786488479034 0.01016459392849356 198
1786488481617 0.010127912915777415 199
1786488484190 0.010132267256267369 200
1786488486765 0.010158320656046271 201
1786488489341 0.010155079944524914 202
1786488491922 0.010131852875929326 203
1786488494504 0.010134140320587903 204
1786488497086 0.010147337336093187 205
1786488499668 0.010151699010748416 206
1786488502249 0.010128931782674044 207
1786488504833 0.010141800390556455 208
1786488507414 0.010143103310838342 209
1786488509991 0.010140413301996887 210
1786488512574 0.010161538317333907 211
1786488515156 0.010137216886505485 212
1786488517742 0.010128669848199934 213
1786488520331 0.010152011644095182 214
1786488522919 0.01015461515635252 215
1786488525514 0.010139037854969501 216
1786488528104 0.010139227320905775 217
1786488530690 0.010155709052924067 218
1786488533284 0.010139341233298182 219
1786488535868 0.01015560026280582 220
1786488538454 0.01014972967095673 221
1786488541040 0.010158706398215145 222
1786488543632 0.010161610727664083 223
1786488546220 0.010143149818759412 224
1786488548804 0.010148230532649904 225
1786488551393 0.010175488132517785 226
1786488553978 0.010178102471400052 227
1786488556559 0.01015985565027222 228
1786488559142 0.010161321435589343 229
1786488561726 0.010170228604692966 230
1786488564310 0.010161436686757952 231
1786488566893 0.010172732698265463 232
1786488569478 0.010191573295742273 233
1786488572060 0.01018494734307751 234
1786488574645 0.010191021545324475 235
1786488577226 0.010190553963184357 236
1786488579806 0.010203718557022512 237
1786488582386 0.010180865006987005 238
1786488584966 0.010183862876147032 239
1786488587551 0.010214694193564355 240
1786488590135 0.01021019002655521 241
1786488592718 0.010208645951934159 242
1786488595306 0.010207902465481311 243
1786488597893 0.010233307431917638 244
1786488600486 0.010209582978859544 245
1786488603075 0.010228657338302583 246
1786488605662 0.010243623575661331 247
1786488608256 0.010228084865957499 248
1786488610838 0.010219539166428149 249
1786488613420 0.010243311524391174 250
1786488616014 0.010260420094709843 251
1786488618594 0.010261831164825708 252
1786488621181 0.01024150854209438 253
1786488623773 0.01026861130958423 254
1786488626354 0.01027467439416796 255
1786488628938 0.010272260173223913 256
1786488631530 0.010262121446430683 257
1786488634117 0.010290317644830793 258
1786488636702 0.010281657858286053 259
1786488639294 0.010282973817083985 260
1786488641878 0.01031035539926961 261
1786488644465 0.010313706938177347 262
1786488647049 0.01030119595816359 263
1786488649639 0.010316011204849929 264
1786488652238 0.010315680003259331 265
1786488654829 0.010321449430193752 266
1786488657411 0.010315151303075254 267
1786488660003 0.01032414915971458 268
1786488662587 0.010340436536353081 269
1786488665176 0.010350881551858038 270
1786488667766 0.010336580802686512 271
1786488670349 0.010361782391555607 272
1786488672939 0.010370633041020483 273
1786488675532 0.010337068990338594 274
1786488678129 0.010373926139436662 275
1786488680716 0.01038611016701907 276
1786488683310 0.010392269759904593 277
1786488685900 0.010369401599746197 278
1786488688483 0.010392731870524585 279
1786488691067 0.010423119063489139 280
1786488693658 0.010414322023279965 281
1786488696243 0.01041176647413522 282
1786488698826 0.01041865604929626 283
1786488701420 0.010459696408361197 284
1786488704002 0.010462753882165998 285
1786488706588 0.010441542195621878 286
1786488709180 0.010453842696733773 287
1786488711772 0.010476591414771974 288
1786488714355 0.010446190659422427 289
1786488716942 0.010456610121764243 290
1786488719531 0.010485630191396922 291
1786488722112 0.010483150195796043 292
1786488724695 0.010469529719557613 293
1786488727279 0.010475117131136358 294
1786488729866 0.010515253990888596 295
1786488732462 0.010519966017454863 296
1786488735048 0.010508206265512854 297
1786488737632 0.0104821011191234 298
1786488740214 0.010526149882934988 299
1786488742805 0.010536132322158664 300
1786488745388 0.010519497678615153 301
1786488747969 0.01051971729611978 302
1786488750557 0.01053009316092357 303
1786488753141 0.010521978489123285 304
1786488755724 0.010549642145633698 305
1786488758307 0.010558569279965013 306
1786488760889 0.01056900795083493 307
1786488763472 0.010567805788014084 308
1786488766056 0.010575736407190561 309
1786488768640 0.010578210058156401 310
1786488771227 0.010580862290225923 311
1786488773819 0.010580339643638581 312
1786488776400 0.01057857385603711 313
1786488778985 0.01060069486266002 314
1786488781571 0.010616187937557697 315
1786488784154 0.010612750193104148 316
1786488786741 0.010628786054439843 317
1786488789324 0.010631024488247931 318
1786488791908 0.010634615493472666 319
1786488794495 0.010659763007424772 320
1786488797080 0.010658998740836978 321
1786488799662 0.010645603586453944 322
1786488802238 0.010659013874828815 323
1786488804810 0.010649343486875296 324
1786488807382 0.010675729427020997 325
1786488809956 0.01067994866752997 326
1786488812538 0.010651959688402712 327
1786488815113 0.010674737219233066 328
1786488817696 0.010698725061956793 329
1786488820273 0.01074394688475877 330
1786488822849 0.01070878200698644 331
1786488825423 0.010715453361626714 332
1786488828004 0.010705396009143442 333
1786488830596 0.010729999572504312 334
1786488833178 0.010744400497060269 335
1786488835770 0.010746614541858435 336
1786488838350 0.010734844545368105 337
1786488840932 0.01075139595195651 338
1786488843519 0.010802771721500903 339
1786488846105 0.010778586438391358 340
1786488848689 0.01076568482676521 341
1786488851270 0.010748746804893017 342
1786488853853 0.010769538872409612 343
1786488856438 0.010822907730471343 344
1786488859025 0.01078078820137307 345
1786488861605 0.010796505375765264 346
1786488864194 0.010821499570738524 347
1786488866779 0.010793564666528255 348
1786488869368 0.01080557657405734 349
1786488871946 0.010841966606676579 350
1786488874522 0.010805810859892517 351
1786488877097 0.010834512882865965 352
1786488879679 0.010871516657061875 353
1786488882262 0.01086414378369227 354
1786488884844 0.010848764388356358 355
1786488887424 0.010836844972800463 356
1786488890004 0.010872405429836363 357
1786488892584 0.010877943539526314 358
1786488895164 0.010823823686223477 359
1786488897746 0.01086963148554787 360
1786488900328 0.010909493721555918 361
1786488902910 0.010885499359574169 362
1786488905492 0.0108939164201729 363
1786488908074 0.010922077461145818 364
1786488910662 0.010890714183915406 365
1786488913247 0.010895312705542892 366
1786488915831 0.010930377175100148 367
1786488918413 0.010967867507133633 368
1786488920998 0.010917753563262522 369
1786488923584 0.010893414029851556 370
1786488926166 0.01096862938720733 371
1786488928749 0.011003701423760504 372
1786488931330 0.010964245244394988 373
1786488933912 0.010932815435808152 374
1786488936494 0.010934740595985204 375
1786488939076 0.01097311096964404 376
1786488941658 0.010987774352543056 377
1786488944241 0.010985087545122951 378
1786488946823 0.010953775781672448 379
1786488949405 0.01097582618240267 380
1786488951986 0.011011224996764213 381
1786488954568 0.010993803676683456 382
1786488957152 0.01101186842424795 383
1786488959736 0.01099979312857613 384
1786488962317 0.011003796476870775 385
1786488964899 0.01102945045568049 386
1786488967481 0.011001019913237542 387
1786488970063 0.011036292824428529 388
1786488972645 0.011070864798966795 389
1786488975228 0.011023690865840763 390
1786488977811 0.011026206775568426 391
1786488980393 0.011071377783082426 392
1786488982975 0.011026337975636125 393
1786488985557 0.011097174952737987 394
1786488988139 0.011050979257561266 395
1786488990721 0.011067586136050522 396
1786488993302 0.011070526437833905 397
1786488995884 0.011074795213062316 398
1786488998467 0.011093683715444058 399
1786489001051 0.011141204508021474 400
1786489003633 0.011109389830380678 401
1786489006215 0.011100230331066996 402
1786489008797 0.011149490310344845 403
1786489011381 0.011127020581625402 404
1786489013963 0.011123921256512403 405
1786489016544 0.011116948153357953 406
1786489019126 0.011180048924870789 407
1786489021708 0.011129930964671075 408
1786489024291 0.011151568382047117 409
1786489026874 0.011168890865519643 410
1786489029459 0.011141948052681983 411
1786489032041 0.011205062852241099 412
1786489034623 0.011136761866509914 413
1786489037205 0.011191988305654377 414
1786489039787 0.011162338312715292 415
1786489042371 0.011172753118444234 416
1786489044954 0.011131595761980861 417
1786489047537 0.011179014400113374 418
1786489050119 0.011255053686909378 419
1786489052702 0.011217651830520481 420
1786489055284 0.011219651496503502 421
1786489057866 0.011229239287786186 422
1786489060447 0.011271935421973467 423
1786489063029 0.011195610393770039 424
1786489065611 0.011204332171473652 425
1786489068193 0.011213785037398338 426
1786489070775 0.011258888815063983 427
1786489073357 0.011292031733319163 428
1786489075940 0.011280152306426316 429
1786489078522 0.01117957558017224 430
1786489081105 0.01129704772029072 431
1786489083687 0.01130492112133652 432
1786489086269 0.011237726430408657 433
1786489088851 0.011333235132042319 434
1786489091433 0.011324414692353457 435
1786489094016 0.011263053864240646 436
1786489096598 0.011286368069704622 437
1786489099183 0.011295202246401459 438
1786489101767 0.011277856887318194 439
1786489104351 0.011320160061586648 440
1786489106934 0.011300273530650884 441
1786489109518 0.011356561328284442 442
1786489112102 0.011328712804242969 443
1786489114691 0.011319161800201982 444
1786489117276 0.011343954829499125 445
1786489119861 0.011363772384356707 446
1786489122448 0.011356892588082701 447
1786489125034 0.011372031411156058 448
1786489127618 0.011394572793506086 449
1786489130203 0.011383925622794777 450
1786489132789 0.011396486544981599 451
1786489135377 0.011406483536120504 452
1786489137950 0.011393408523872495 453
1786489140522 0.011399127077311277 454
1786489143098 0.01138020632788539 455
1786489145672 0.011417397647164762 456
1786489148246 0.011332231399137527 457
1786489150820 0.01137980428757146 458
1786489153394 0.011472063837572932 459
1786489155967 0.011388920655008405 460
1786489158540 0.011395640263799578 461
1786489161114 0.011430776037741452 462
1786489163687 0.011465980089269578 463
1786489166260 0.011448728386312723 464
1786489168834 0.011386486643459648 465
1786489171408 0.0114616280188784 466
1786489173983 0.011445852345786989 467
1786489176558 0.011445559153798968 468
1786489179131 0.011457357672043145 469
1786489181704 0.01140317932004109 470
1786489184277 0.011470135359559208 471
1786489186850 0.011502056557219476 472
1786489189425 0.011498056468553841 473
1786489191999 0.011452359321992844 474
1786489194573 0.01150272850645706 475
1786489197146 0.011518131592310965 476
1786489199718 0.011537499784026295 477
1786489202293 0.011527081951498985 478
1786489204865 0.01148752769222483 479
1786489207451 0.011573765717912465 480
1786489210023 0.01153100497322157 481
1786489212596 0.011510388285387307 482
1786489215171 0.011501573375426233 483
1786489217744 0.011540071165654808 484
1786489220317 0.01160514511866495 485
1786489222891 0.011555828736163676 486
1786489225465 0.011573262396268547 487
1786489228039 0.011583950312342495 488
1786489230611 0.011572472227271646 489
1786489233186 0.011544923821929842 490
1786489235760 0.0115554403164424 491
1786489238334 0.011596527067013085 492
1786489240908 0.011549864197149873 493
1786489243484 0.011565105814952403 494
1786489246058 0.011556809884496033 495
1786489248632 0.011551016417797655 496
1786489251206 0.011617236828897148 497
1786489253786 0.011606279469560832 498
1786489256368 0.011667668062727898 499
1786489267802 0.011611141555476934 500
1786489270391 0.011580101971048862 501
1786489272973 0.011618490272667259 502
1786489275554 0.01163537340471521 503
1786489278135 0.011662643926683813 504
1786489280717 0.011605909559875727 505
1786489283299 0.011613535520154983 506
1786489285882 0.011703703843522817 507
1786489288466 0.011638126918114722 508
1786489291049 0.011629184242337942 509
1786489293634 0.011672609020024538 510
1786489296217 0.011634761933237314 511
1786489298802 0.011649581952951849 512
1786489301388 0.011710305814631283 513
1786489303979 0.011615881230682135 514
1786489306564 0.01167624577647075 515
1786489309148 0.011723708361387253 516
1786489311732 0.01166216202545911 517
1786489314317 0.011707591882441193 518
1786489316902 0.011725565127562732 519
1786489319488 0.011677895847242326 520
1786489322071 0.011706004966981709 521
1786489324654 0.011751586163882166 522
1786489327238 0.0117190508171916 523
1786489329821 0.011707181751262397 524
1786489332404 0.011734875675756484 525
1786489334989 0.011764059483539313 526
1786489337576 0.01168777683051303 527
1786489340160 0.011767820280510932 528
1786489342743 0.01179539697477594 529
1786489345327 0.011743068986106664 530
1786489347910 0.011724551615770906 531
1786489350494 0.011796130158472806 532
1786489353077 0.011752781399991363 533
1786489355661 0.011746169708203524 534
1786489358244 0.011807466682512313 535
1786489360827 0.011765593430027366 536
1786489363410 0.011778393702115864 537
1786489365994 0.011824956338386983 538
1786489368578 0.011764274560846388 539
1786489371162 0.0117866339860484 540
1786489373745 0.011820049199741334 541
1786489376328 0.011817496095318347 542
1786489378911 0.011812289711087942 543
1786489381494 0.011826074973214418 544
1786489384078 0.011800804873928428 545
1786489386662 0.011819712759461254 546
1786489389253 0.011881158803589642 547
1786489391836 0.011849273985717446 548
1786489394420 0.011828837275970727 549
1786489397003 0.011864882137160748 550
1786489399587 0.011826645233668387 551
1786489402171 0.011851570219732821 552
1786489404755 0.01192571601131931 553
1786489407339 0.011846205219626427 554
1786489409923 0.011884646024554968 555
1786489412506 0.01195125374943018 556
1786489415090 0.011874424293637276 557
1786489417674 0.011878923163749278 558
1786489420257 0.011920243967324495 559
1786489422841 0.011923091893550009 560
1786489425423 0.011918900010641664 561
1786489428005 0.011844941298477352 562
1786489430589 0.011914534668903798 563
1786489433172 0.011940333410166204 564
1786489435757 0.011906757077667862 565
1786489438340 0.011918800650164485 566
1786489440923 0.011843305721413344 567
1786489443506 0.011890652123838663 568
1786489446090 0.011883102357387543 569
1786489448676 0.011957919457927346 570
1786489451256 0.012000326532870531 571
1786489453831 0.011907984793651849 572
1786489456406 0.011992633051704615 573
1786489458981 0.011933199071791023 574
1786489461557 0.011934182257391512 575
1786489464131 0.011962307267822325 576
1786489466711 0.01191132445819676 577
1786489469292 0.01200305693782866 578
1786489471874 0.011996190005447716 579
1786489474455 0.011965068522840738 580
1786489477037 0.011949812236707658 581
1786489479618 0.011966031161136925 582
1786489482199 0.012021911097690463 583
1786489484781 0.01200542162405327 584
1786489487362 0.012039502791594714 585
1786489489945 0.011975528090260923 586
1786489492529 0.012010467005893588 587
1786489495112 0.01201279106317088 588
1786489497695 0.01200339978095144 589
1786489500277 0.012035892228595912 590
1786489502859 0.012003969808574766 591
1786489505440 0.012048828939441592 592
1786489508021 0.012083287350833416 593
1786489510602 0.012014514359179884 594
1786489513184 0.012100205000024289 595
1786489515765 0.012022069422528148 596
1786489518346 0.011982165277004242 597
1786489520927 0.012094579928088933 598
1786489523508 0.01207380450796336 599
1786489526089 0.012013377447146922 600
1786489528672 0.012051886005792767 601
1786489531253 0.012107042537536472 602
1786489533839 0.01210231235018 603
1786489536423 0.012069729447830468 604
1786489539005 0.01204457163112238 605
1786489541586 0.012034559505991638 606
1786489544167 0.012147174391429871 607
1786489546748 0.012068324955180287 608
1786489549329 0.01203850406454876 609
1786489551910 0.012115592195186764 610
1786489554492 0.01214379828888923 611
1786489557074 0.012103140645194799 612
1786489559658 0.012148948211688548 613
1786489562242 0.01212411728920415 614
1786489564827 0.012141298095230013 615
1786489567411 0.012135733210016042 616
1786489569995 0.012101351341698319 617
1786489572579 0.012197637464851141 618
1786489575164 0.01212805777322501 619
1786489577747 0.012164130224846303 620
1786489580330 0.012155480508226901 621
1786489582914 0.012177818804048002 622
1786489585498 0.012185198836959898 623
1786489588082 0.012158788391388953 624
1786489590665 0.012208852858748287 625
1786489593248 0.012205051898490638 626
1786489595832 0.012074606085661799 627
1786489598417 0.012177544937003404 628
1786489601000 0.012265637749806046 629
1786489603585 0.01219802931882441 630
1786489606168 0.012114261277019978 631
1786489608753 0.012218601128552109 632
1786489611337 0.012289438338484615 633
1786489613921 0.012260254938155413 634
1786489616505 0.012220842530950904 635
1786489619091 0.012243811797816306 636
1786489621674 0.01232267526211217 637
1786489624256 0.012268966529518366 638
1786489626840 0.012181104626506567 639
1786489629424 0.012231067288666964 640
1786489632008 0.012183788698166609 641
1786489634591 0.012288308935239911 642
1786489637173 0.012340885994490236 643
1786489639754 0.012209228530991822 644
1786489642336 0.012235910107847303 645
1786489644917 0.0122495400137268 646
1786489647499 0.01230527478037402 647
1786489650080 0.012276415072847158 648
1786489652663 0.01229239656822756 649
1786489655246 0.01231104217004031 650
1786489657828 0.01223092497093603 651
1786489660410 0.012280781287699938 652
1786489662992 0.012312484672293067 653
1786489665573 0.012304685660637915 654
1786489668155 0.012295777618419379 655
1786489670738 0.012300690927077085 656
1786489673322 0.012252829154022038 657
1786489675908 0.012185632367618382 658
1786489678490 0.01230583037249744 659
1786489681073 0.012320623965933919 660
1786489683656 0.01228529924992472 661
1786489686240 0.01235090073896572 662
1786489688825 0.012305348878726363 663
1786489691408 0.012337538704741746 664
1786489693991 0.012287944206036627 665
1786489696573 0.012364992639049888 666
1786489699156 0.01234841748373583 667
1786489701739 0.012369530275464058 668
1786489704324 0.012309924757573754 669
1786489706907 0.012429567286744714 670
1786489709489 0.012335088278632611 671
1786489712072 0.012355809332802892 672
1786489714655 0.012343390029855072 673
1786489717238 0.012419001664966345 674
1786489719821 0.012338422646280378 675
1786489722404 0.01233244122704491 676
1786489724987 0.012376433587633073 677
1786489727570 0.012430720496922731 678
1786489730153 0.012382617802359164 679
1786489732736 0.012397248938214034 680
1786489735318 0.012494698399677873 681
1786489737901 0.01244677894283086 682
1786489740484 0.012418131402228028 683
1786489743067 0.012410356430336833 684
1786489745651 0.0123466671211645 685
1786489748234 0.012462622777093202 686
1786489750816 0.012406978232320398 687
1786489753399 0.012417961668688804 688
1786489755983 0.01243040431290865 689
1786489758566 0.012353930273093283 690
1786489761149 0.01244090881664306 691
1786489763732 0.012574248597957194 692
1786489766315 0.012472423142753541 693
1786489768898 0.012447386747226119 694
1786489771480 0.012535694520920515 695
1786489774062 0.012429604539647698 696
1786489776644 0.012448816851247102 697
1786489779226 0.012469644250813872 698
1786489781808 0.012527069600764662 699
1786489784390 0.012480134551879019 700
1786489786973 0.01247035403503105 701
1786489789555 0.012535417510662228 702
1786489792139 0.01242597628151998 703
1786489794715 0.012553357577417046 704
1786489797289 0.012576910550706089 705
1786489799865 0.012487336003687233 706
1786489802439 0.012443091603927314 707
1786489805013 0.012550540617667139 708
1786489807588 0.012581237126141787 709
1786489810163 0.012544099299702793 710
1786489812737 0.01257727254414931 711
1786489815318 0.012483899598009884 712
1786489817904 0.012499127944465727 713
1786489820492 0.012569976737722754 714
1786489823075 0.012521542375907302 715
1786489825659 0.012603614013642073 716
1786489828243 0.012548816157504916 717
1786489830827 0.012536919966805726 718
1786489833410 0.012580023379996419 719
1786489835994 0.012605361989699304 720
1786489838577 0.012556462665088475 721
1786489841161 0.012551954248920083 722
1786489843744 0.012616808875463903 723
1786489846330 0.012543051387183368 724
1786489848916 0.012526276987046003 725
1786489851499 0.012599062349181622 726
1786489854085 0.012625857489183545 727
1786489856669 0.012533316970802844 728
1786489859253 0.012655788043048233 729
1786489861836 0.012641003413591534 730
1786489864421 0.012580436712596565 731
1786489867006 0.012631657882593572 732
1786489869590 0.01264856051420793 733
1786489872175 0.01267603860469535 734
1786489874759 0.01266055804444477 735
1786489877342 0.012595307896845043 736
1786489879926 0.012612467573489994 737
1786489882510 0.012656981009058654 738
1786489885095 0.01267538225511089 739
1786489887679 0.01265613263240084 740
1786489890262 0.012633290141820908 741
1786489892847 0.0127324124914594 742
1786489895431 0.012631533783860505 743
1786489898014 0.012606141914147884 744
1786489900598 0.012753564165905118 745
1786489903182 0.01269739621784538 746
1786489905765 0.012589843478053808 747
1786489908349 0.012709090544376522 748
1786489910933 0.012734979682136327 749
1786489913518 0.012654802354518324 750
1786489916102 0.012720209080725908 751
1786489918687 0.012622488138731569 752
1786489921271 0.012727808090858161 753
1786489923855 0.012772873393259943 754
1786489926441 0.012752598617225885 755
1786489929026 0.012739962723571807 756
1786489931610 0.012628887954633683 757
1786489934193 0.012695652258116752 758
1786489936777 0.012687570822890848 759
1786489939361 0.012743177183438092 760
1786489941944 0.012750798603519797 761
1786489944527 0.012735581258311868 762
1786489947110 0.012750783353112638 763
1786489949692 0.012749573506880552 764
1786489952274 0.012711333925835788 765
1786489954856 0.012725956679787487 766
1786489957438 0.012800276512280107 767
1786489960020 0.012837169982958585 768
1786489962602 0.01278893620474264 769
1786489965183 0.012810180196538568 770
1786489967765 0.01273503270931542 771
1786489970347 0.012726275715976954 772
1786489972929 0.01281600957736373 773
1786489975510 0.012797959672752768 774
1786489978092 0.01277268084231764 775
1786489980673 0.012785174825694412 776
1786489983256 0.012829417770262808 777
1786489985837 0.012837951187975705 778
1786489988419 0.012746280466672033 779
1786489991001 0.012892984901554883 780
1786489993582 0.012792490771971643 781
1786489996163 0.012741990387439728 782
1786489998744 0.012809982057660818 783
1786490001326 0.012849980674218386 784
1786490003907 0.012796210998203605 785
1786490006488 0.012926373281516135 786
1786490009069 0.01276686933124438 787
1786490011651 0.012836828187573701 788
1786490014232 0.012882473354693502 789
1786490016815 0.012759312405250967 790
1786490019397 0.012862475821748376 791
1786490021981 0.012906044139526784 792
1786490024562 0.012772498826961964 793
1786490027144 0.012804551573935896 794
1786490029726 0.012867658981122077 795
1786490032309 0.012936675630044192 796
1786490034890 0.012850101105868816 797
1786490037476 0.012807653518393636 798
1786490040060 0.012864002143032849 799
1786490042642 0.012858557631261647 800
1786490045216 0.012928528827615082 801
1786490047790 0.012941388471517712 802
1786490050375 0.012867848388850689 803
1786490052960 0.012881986622232944 804
1786490055544 0.012940526707097888 805
1786490058129 0.012871206330601126 806
1786490060715 0.012911716476082802 807
1786490063300 0.012888113153167069 808
1786490065885 0.012922391179017723 809
1786490068468 0.012869326455984265 810
1786490071052 0.012901833280920982 811
1786490073641 0.012934242491610348 812
1786490076226 0.012941610824782401 813
1786490078813 0.012916285020764917 814
1786490081404 0.013036684016697109 815
1786490083991 0.012955800746567547 816
1786490086574 0.012994842894840986 817
1786490089161 0.012920256413053721 818
1786490091751 0.012896423519123346 819
1786490094336 0.012966623587999493 820
1786490096922 0.012930235592648387 821
1786490099506 0.012982444080989808 822
1786490102089 0.01302957214647904 823
1786490104675 0.01296139124315232 824
1786490107276 0.012966426613274962 825
1786490109852 0.013028024579398334 826
1786490112426 0.012964334862772375 827
1786490115001 0.013005668530240655 828
1786490117575 0.012999949103686959 829
1786490120150 0.013009001035243273 830
1786490122724 0.013052867667283863 831
1786490125299 0.012987305060960352 832
1786490127872 0.01296633726451546 833
1786490130446 0.01312877784948796 834
1786490133022 0.01299471576930955 835
1786490135596 0.013011493487283587 836
1786490138171 0.013008444104343653 837
1786490140746 0.012976494384929538 838
1786490143320 0.012978659942746162 839
1786490145894 0.013034647738095373 840
1786490148468 0.013084836828056723 841
1786490151044 0.013062004116363823 842
1786490153619 0.012967032962478697 843
1786490156194 0.013075968599878252 844
1786490158771 0.01318758208071813 845
1786490161344 0.013107026868965477 846
1786490163918 0.013070507091470063 847
1786490166492 0.013109702558722347 848
1786490169066 0.013114122557453811 849
1786490171640 0.013107791659422219 850
1786490174215 0.013045559171587229 851
1786490176797 0.013031842419877648 852
1786490179381 0.01309026061790064 853
1786490181965 0.013159181631635875 854
1786490184548 0.013056403549853712 855
1786490187132 0.01301191677339375 856
1786490189716 0.013022857427131385 857
1786490192300 0.013165250536985695 858
1786490194884 0.01308969029923901 859
1786490197468 0.013089674816001207 860
1786490200052 0.013099761737976223 861
1786490202636 0.013101334276143461 862
1786490205220 0.013210895238444209 863
1786490207805 0.013181200250983238 864
1786490210392 0.013097911607474089 865
1786490212979 0.013077565643470734 866
1786490215567 0.01316338503966108 867
1786490218152 0.01313396153273061 868
1786490220736 0.013111468870192766 869
1786490223320 0.013170566875487566 870
1786490225908 0.01313411520095542 871
1786490228493 0.013151541992556304 872
1786490231077 0.013176674314308912 873
1786490233660 0.013161521404981613 874
1786490236236 0.013114075642079115 875
1786490238813 0.013193712511565536 876
1786490241389 0.013147353485692292 877
1786490243964 0.013223105925135314 878
1786490246547 0.013114229775965214 879
1786490249131 0.013261861226055771 880
1786490251717 0.0132247707224451 881
1786490254293 0.013135596876963973 882
1786490256869 0.013241362001281232 883
1786490259443 0.013307018030900508 884
1786490262018 0.013123310811351985 885
1786490264592 0.013099208648782223 886
1786490267166 0.013261897838674486 887
1786490269740 0.01319769030669704 888
1786490272322 0.013226626673713326 889
1786490274908 0.013257627608254552 890
1786490277491 0.013208694115746766 891
1786490280075 0.01321643585106358 892
1786490282658 0.013229379197582603 893
1786490285242 0.013234337966423482 894
1786490287826 0.013259058177936822 895
1786490290409 0.013249462586827576 896
1786490292993 0.013192643178626895 897
1786490295577 0.01325950276805088 898
1786490298160 0.013210418517701328 899
1786490300744 0.013227623712737113 900
1786490303328 0.013350592693313956 901
1786490305913 0.013261244108434767 902
1786490308497 0.013249246519990265 903
1786490311080 0.013320484955329448 904
1786490313664 0.013312537805177271 905
1786490316249 0.013323528866749257 906
1786490318832 0.013167302764486521 907
1786490321417 0.013382929959334433 908
1786490324001 0.013357785588596016 909
1786490326585 0.013305470929481089 910
1786490329170 0.013355220202356577 911
1786490331762 0.013261357205919921 912
1786490334347 0.01326285133836791 913
1786490336928 0.013314786774571985 914
1786490339510 0.013354446389712393 915
1786490342092 0.013306431705132127 916
1786490344670 0.013347330444958061 917
1786490347254 0.013345419836696237 918
1786490349838 0.01337945315754041 919
1786490352422 0.013389579427894205 920
1786490355006 0.013356391049455851 921
1786490357588 0.013248262752313167 922
1786490360171 0.013460968562867492 923
1786490362755 0.01336283510318026 924
1786490365339 0.013336527859792113 925
1786490367923 0.01329455163795501 926
1786490370506 0.013371539185754955 927
1786490373089 0.01332834071945399 928
1786490375671 0.013374381407629699 929
1786490378253 0.01341691758716479 930
1786490380835 0.013411547231953591 931
1786490383417 0.01338083209702745 932
1786490385997 0.013445615186356008 933
1786490388579 0.013349785178434104 934
1786490391163 0.013323028455488384 935
1786490393745 0.013325675390660763 936
1786490396330 0.013430637656711042 937
1786490398910 0.013378300762269646 938
1786490401490 0.013425141922198236 939
1786490404072 0.013546099595259875 940
1786490406652 0.013456792221404612 941
1786490409232 0.01345290383324027 942
1786490411814 0.013450279482640326 943
1786490414395 0.013388974010013044 944
1786490416977 0.013374859932810068 945
1786490419559 0.013492244994267821 946
1786490422141 0.01339684595586732 947
1786490424723 0.013376203423831612 948
1786490427304 0.01341256417799741 949
1786490429886 0.013506853370927274 950
1786490432468 0.01344712427817285 951
1786490435051 0.013393017346970737 952
1786490437633 0.013473451137542725 953
1786490440214 0.013454822881612927 954
1786490442796 0.013531520788092166 955
1786490445377 0.013524440582841635 956
1786490447959 0.013454679457936436 957
1786490450542 0.013422123505733907 958
1786490453125 0.013518512190785259 959
1786490455706 0.013542044966015965 960
1786490458288 0.013459753070492297 961
1786490460870 0.013483109069056809 962
1786490463452 0.013554288365412503 963
1786490466034 0.013527239789254963 964
1786490468618 0.013410283310804516 965
1786490471200 0.013463516836054623 966
1786490473782 0.01351367391180247 967
1786490476363 0.013454669388011098 968
1786490478945 0.013424760021734983 969
1786490481528 0.01354130357503891 970
1786490484110 0.013437918270938098 971
1786490486692 0.013472763064783067 972
1786490489273 0.013538476778194308 973
1786490491856 0.01356032828334719 974
1786490494438 0.013614109891932458 975
1786490497020 0.013568978465627879 976
1786490499601 0.013550781412050128 977
1786490502184 0.013505921349860728 978
1786490504766 0.013519521919079125 979
1786490507347 0.013570782379247248 980
1786490509929 0.013472872960846871 981
1786490512513 0.013518169987946749 982
1786490515097 0.01356717839371413 983
1786490517677 0.013536314480006695 984
1786490520257 0.013488852302543819 985
1786490522838 0.013587025459855795 986
1786490525420 0.01359191769734025 987
1786490528002 0.013482654234394431 988
1786490530584 0.013655749207828194 989
1786490533166 0.013654616835992783 990
1786490535748 0.01367486291565001 991
1786490538329 0.013652291265316308 992
1786490540911 0.013647809973917902 993
1786490543493 0.01351839944254607 994
1786490546074 0.01354350137989968 995
1786490548656 0.01374704553745687 996
1786490551238 0.013684275967534631 997
1786490553819 0.013659856223966926 998
1786490556402 0.013554444769397378 999
1786490564476 0.013702481985092163 1000
1786490567058 0.013655956601724029 1001
1786490569642 0.01364798133727163 1002
1786490572226 0.01364783279132098 1003
1786490574809 0.013548207294661552 1004
1786490577391 0.013709825871046633 1005
1786490579975 0.01371320046018809 1006
1786490582558 0.013723978830967098 1007
1786490585142 0.013679508294444531 1008
1786490587725 0.013670646119862795 1009
1786490590308 0.013579668593592942 1010
1786490592892 0.013648130174260587 1011
1786490595476 0.013703001954127103 1012
1786490598065 0.01373473327839747 1013
1786490600649 0.013621784280985594 1014
1786490603232 0.013644696155097336 1015
1786490605818 0.013801215216517448 1016
1786490608405 0.013768097094725817 1017
1786490610997 0.013681158423423767 1018
1786490613583 0.013685816491488367 1019
1786490616168 0.013773801387287676 1020
1786490618752 0.013686306425370276 1021
1786490621334 0.013722172239795327 1022
1786490623917 0.013737619679886848 1023
1786490626500 0.013734562380705029 1024
1786490629087 0.013689176936168224 1025
1786490631676 0.013704295211937279 1026
1786490634259 0.013795013772323728 1027
1786490636841 0.013715746463276446 1028
1786490639423 0.013706019148230553 1029
1786490642004 0.013830735406372696 1030
1786490644585 0.013879422564059496 1031
1786490647168 0.013784508570097387 1032
1786490649749 0.013718957547098398 1033
1786490652331 0.013738509209360927 1034
1786490654912 0.013802208006381989 1035
1786490657493 0.013764519128017128 1036
1786490660075 0.01383179856929928 1037
1786490662657 0.013688043633010238 1038
1786490665240 0.013702197873499244 1039
1786490667822 0.013885937863960862 1040
1786490670403 0.01378309732535854 1041
1786490672985 0.013703360862564296 1042
1786490675567 0.01375707791885361 1043
1786490678149 0.013779007305856794 1044
1786490680731 0.013879895908758044 1045
1786490683312 0.013785312708932906 1046
1786490685893 0.013775024970527738 1047
1786490688474 0.013752787897828966 1048
1786490691057 0.013776339357718825 1049
1786490693640 0.013926275656558573 1050
1786490696223 0.0138072274858132 1051
1786490698804 0.013746805547270924 1052
1786490701386 0.01392415032023564 1053
1786490703968 0.01390817534411326 1054
1786490706550 0.013770800665952265 1055
1786490709131 0.013894901319872588 1056
1786490711713 0.013813856057822704 1057
1786490714295 0.01390398689545691 1058
1786490716876 0.01392405026126653 1059
1786490719460 0.013938195770606399 1060
1786490722044 0.013817878032568842 1061
1786490724627 0.013930699089542031 1062
1786490727208 0.013913945818785578 1063
1786490729791 0.013809738855343312 1064
1786490732374 0.01386178337270394 1065
1786490734956 0.013866715307813138 1066
1786490737538 0.013950940745417029 1067
1786490740119 0.01391820190474391 1068
1786490742702 0.013886928325518966 1069
1786490745283 0.013897885859478265 1070
1786490747865 0.01387808023719117 1071
1786490750450 0.0140006979345344 1072
1786490753033 0.013876119570340961 1073
1786490755616 0.01386725704651326 1074
1786490758193 0.013908290187828243 1075
1786490760776 0.013957201736047864 1076
1786490763361 0.013996934168972075 1077
1786490765945 0.013922722893767059 1078
1786490768529 0.013871188799384981 1079
1786490771112 0.01393075700616464 1080
1786490773696 0.013871541479602456 1081
1786490776280 0.013875500531867146 1082
1786490778863 0.013966777652967721 1083
1786490781445 0.01394945743959397 1084
1786490784029 0.01401859155157581 1085
1786490786612 0.014026019955053926 1086
1786490789194 0.013858461286872625 1087
1786490791776 0.013947731931693852 1088
1786490794360 0.01393700041808188 1089
1786490796943 0.013965778693091124 1090
1786490799525 0.0139230148633942 1091
1786490802107 0.013920327299274504 1092
1786490804689 0.013980727817397565 1093
1786490807270 0.014019622409250587 1094
1786490809852 0.014037221553735435 1095
1786490812436 0.013861679995898157 1096
1786490815021 0.013936198898591101 1097
1786490817604 0.01397874701069668 1098
1786490820187 0.01406057650456205 1099
1786490822771 0.013929162989370525 1100
1786490825354 0.013938081392552704 1101
1786490827943 0.014061865687835962 1102
1786490830529 0.013931541121564806 1103
1786490833113 0.01407981658121571 1104
1786490835695 0.014114208694081753 1105
1786490838277 0.013962084951344877 1106
1786490840860 0.013944259262643754 1107
1786490843442 0.014022411371115595 1108
1786490846025 0.014045057410839945 1109
1786490848607 0.014000871102325618 1110
1786490851191 0.014008013356942683 1111
1786490853774 0.013960497512016445 1112
1786490856356 0.0139398577157408 1113
1786490858938 0.014022908639162779 1114
1786490861522 0.01402712136041373 1115
1786490864104 0.013896677235607058 1116
1786490866686 0.014098397397901863 1117
1786490869269 0.01411438238574192 1118
1786490871852 0.014034331019502133 1119
1786490874435 0.0140255939331837 1120
1786490877018 0.01406151003902778 1121
1786490879600 0.014103510475251824 1122
1786490882182 0.014042566937860101 1123
1786490884763 0.014093971985857934 1124
1786490887345 0.014032618317287415 1125
1786490889928 0.0141349594341591 1126
1786490892510 0.014071597950533032 1127
1786490895093 0.014024561329279095 1128
1786490897676 0.014140416227746755 1129
1786490900262 0.014116528211161494 1130
1786490902847 0.014148260524962097 1131
1786490905435 0.014075733546633273 1132
1786490908020 0.014232035784516484 1133
1786490910603 0.014042165479622781 1134
1786490913186 0.014170641137752682 1135
1786490915769 0.014108189090620726 1136
1786490918352 0.014124379784334451 1137
1786490920935 0.014075618761125952 1138
1786490923517 0.014083889953326434 1139
1786490926107 0.014141380495857447 1140
1786490928689 0.01407408871455118 1141
1786490931272 0.014194489282090217 1142
1786490933855 0.014161227853037417 1143
1786490936439 0.014153718540910631 1144
1786490939022 0.014209501328878105 1145
1786490941605 0.014103015477303416 1146
1786490944188 0.014086161798331887 1147
1786490946772 0.014077319123316556 1148
1786490949351 0.014097885810770094 1149
1786490951926 0.014245312660932541 1150
1786490954499 0.014065648545511067 1151
1786490957074 0.014223633043002337 1152
1786490959658 0.014225410122890025 1153
1786490962242 0.01412415289087221 1154
1786490964821 0.014252899098210037 1155
1786490967395 0.01425996667239815 1156
1786490969974 0.014109065930824727 1157
1786490972549 0.014159779588226229 1158
1786490975124 0.014122622145805508 1159
1786490977697 0.0141332414932549 1160
1786490980271 0.014228453626856208 1161
1786490982844 0.014225623512174934 1162
1786490985417 0.014209986373316497 1163
1786490987995 0.01421959261642769 1164
1786490990575 0.014221611083485186 1165
1786490993158 0.014166593493428081 1166
1786490995738 0.01410143414977938 1167
1786490998319 0.014230927219614387 1168
1786491000899 0.014192266331519932 1169
1786491003482 0.014281845593359321 1170
1786491006078 0.01422174513572827 1171
1786491008660 0.014218119671568274 1172
1786491011246 0.014219060365576297 1173
1786491013821 0.01424997125286609 1174
1786491016394 0.014175032789353281 1175
1786491018968 0.01421726995613426 1176
1786491021550 0.014352213125675917 1177
1786491024133 0.014196523232385516 1178
1786491026715 0.014326262986287475 1179
1786491029289 0.014248163788579404 1180
1786491031864 0.014277801557909697 1181
1786491034438 0.014243244542740285 1182
1786491037012 0.01425342942820862 1183
1786491039587 0.014249191794078797 1184
1786491042162 0.014234411471989006 1185
1786491044737 0.014353714941535145 1186
1786491047313 0.014379128522705287 1187
1786491049887 0.014298741647507995 1188
1786491052463 0.014317081193439662 1189
1786491055037 0.014263451681472361 1190
1786491057611 0.014300430251751095 1191
1786491060185 0.014405483845621347 1192
1786491062758 0.014412226970307529 1193
1786491065332 0.014176485768985003 1194
1786491067905 0.014435278426390141 1195
1786491070478 0.014422599866520613 1196
1786491073053 0.01432311546523124 1197
1786491075626 0.014314358704723418 1198
1786491078199 0.014321989205200225 1199
1786491080772 0.014339823101181537 1200
1786491083345 0.014329220517538488 1201
1786491085918 0.014308486599475145 1202
1786491088492 0.014396552636753768 1203
1786491091065 0.01428999489871785 1204
1786491093638 0.014325606054626405 1205
1786491096213 0.014318645000457764 1206
1786491098788 0.014332007092889398 1207
1786491101369 0.014259310206398368 1208
1786491103951 0.01440150139387697 1209
1786491106532 0.014409399300348014 1210
1786491109114 0.0143407650757581 1211
1786491111696 0.014321926573757082 1212
1786491114278 0.014358036627527326 1213
1786491116858 0.014357988955453038 1214
1786491119440 0.014379730506334454 1215
1786491122022 0.014418535749427974 1216
1786491124602 0.014399639563634992 1217
1786491127184 0.014285291021224111 1218
1786491129766 0.014523734746035188 1219
1786491132348 0.014476142765488476 1220
1786491134929 0.01439637754810974 1221
1786491137512 0.01425786834442988 1222
1786491140093 0.014376166567672044 1223
1786491142674 0.014404652174562216 1224
1786491145255 0.014305651653558016 1225
1786491147837 0.014382413064595312 1226
1786491150417 0.014312940533272922 1227
1786491152999 0.014439986029174179 1228
1786491155580 0.014358016545884311 1229
1786491158163 0.014358715969137847 1230
1786491160744 0.014401501801330596 1231
1786491163328 0.014440868340898305 1232
1786491165909 0.0144072663388215 1233
1786491168493 0.014366900373715907 1234
1786491171079 0.014550530351698399 1235
1786491173663 0.01449340145336464 1236
1786491176246 0.014471695350948721 1237
1786491178829 0.014461832121014595 1238
1786491181410 0.014462473103776574 1239
1786491183991 0.01446554041467607 1240
1786491186575 0.014475268078967929 1241
1786491189158 0.014522469078656286 1242
1786491191744 0.014501984405796975 1243
1786491194327 0.014473473303951323 1244
1786491196909 0.014521102828439325 1245
1786491199491 0.014538264949806035 1246
1786491202072 0.014460195088759065 1247
1786491204654 0.014416331541724503 1248
1786491207236 0.014453170588240027 1249
1786491209818 0.014488211600109935 1250
1786491212399 0.01454126718454063 1251
1786491214981 0.014510496519505978 1252
1786491217562 0.01451085729058832 1253
1786491220143 0.01446353824576363 1254
1786491222724 0.014486315776593983 1255
1786491225305 0.014593468746170402 1256
1786491227887 0.014433395001105964 1257
1786491230470 0.014541376673150808 1258
1786491233053 0.014632413221988827 1259
1786491235635 0.014590739214327186 1260
1786491238217 0.014557480812072754 1261
1786491240798 0.014581593393813819 1262
1786491243379 0.014540838194079697 1263
1786491245961 0.01455356040969491 1264
1786491248546 0.014611186808906496 1265
1786491251131 0.014500812103506178 1266
1786491253718 0.01450953196035698 1267
1786491256302 0.014559295901563019 1268
1786491258891 0.014556306297890842 1269
1786491261476 0.014459393394645303 1270
1786491264063 0.014457151992246509 1271
1786491266646 0.014565122604835778 1272
1786491269245 0.01460786780808121 1273
1786491271828 0.014555958681739867 1274
1786491274412 0.014671724347863346 1275
1786491276996 0.014601887844037265 1276
1786491279580 0.014547334692906588 1277
1786491282163 0.01462275767698884 1278
1786491284746 0.01467728748684749 1279
1786491287329 0.014611266204155982 1280
1786491289915 0.014539136027451605 1281
1786491292501 0.014521598117426038 1282
1786491295090 0.014635140309110284 1283
1786491297675 0.014509126252960414 1284
1786491300258 0.014595785294659436 1285
1786491302842 0.014711273193825036 1286
1786491305425 0.014615082589443773 1287
1786491308008 0.014607093879021704 1288
1786491310591 0.014623722527176142 1289
1786491313173 0.014643017726484686 1290
1786491315758 0.014601433591451496 1291
1786491318340 0.014681161264888942 1292
1786491320922 0.01460163207957521 1293
1786491323505 0.014604572439566255 1294
1786491326087 0.014579431503079832 1295
1786491328669 0.014532168046571314 1296
1786491331251 0.014653029502369463 1297
1786491333835 0.014674876001663506 1298
1786491336417 0.014617694658227265 1299
1786491338998 0.01465981814544648 1300
1786491341578 0.0147058533038944 1301
1786491344158 0.014624992327298969 1302
1786491346739 0.014640190871432424 1303
1786491349320 0.014620712958276272 1304
1786491351901 0.014697388687636703 1305
1786491354481 0.014616144355386496 1306
1786491357064 0.014649165270384401 1307
1786491359645 0.014705366163980216 1308
1786491362223 0.01470915973186493 1309
1786491364795 0.01473402266856283 1310
1786491367369 0.014666259114164859 1311
1786491369941 0.014665510912891477 1312
1786491372514 0.014757136174011976 1313
1786491375086 0.014624081493820995 1314
1786491377661 0.014665113005321473 1315
1786491380233 0.014801873650867492 1316
1786491382806 0.0148299181018956 1317
1786491385378 0.014708507573232055 1318
1786491387951 0.01471925707301125 1319
1786491390523 0.01480265409918502 1320
1786491393096 0.014805091021116823 1321
1786491395668 0.014652215933892876 1322
1786491398242 0.014650037279352546 1323
1786491400815 0.014792694651987404 1324
1786491403388 0.014841097581665963 1325
1786491405960 0.0147517379373312 1326
1786491408533 0.014719157537911087 1327
1786491411105 0.014746867876965553 1328
1786491413678 0.014743036008439958 1329
1786491416250 0.014804179838392884 1330
1786491418823 0.014793178532272577 1331
1786491421397 0.014825448277406394 1332
1786491423970 0.014796887582633644 1333
1786491426542 0.014753780327737331 1334
1786491429115 0.014820651907939464 1335
1786491431688 0.014821829507127404 1336
1786491434262 0.014848646824248135 1337
1786491436835 0.014907131204381585 1338
1786491439410 0.014757756667677313 1339
1786491441995 0.01472731411922723 1340
1786491444578 0.0147440493456088 1341
1786491447161 0.014787629595957696 1342
1786491449744 0.01487179915420711 1343
1786491452329 0.01483538415050134 1344
1786491454919 0.014849161147139966 1345
1786491457512 0.014855010143946856 1346
1786491460103 0.014927361451555043 1347
1786491462694 0.014849758881609887 1348
1786491465286 0.014914950006641448 1349
1786491467877 0.01480070169782266 1350
1786491470469 0.014793588721659034 1351
1786491473062 0.014776178926695138 1352
1786491475651 0.014824683719780296 1353
1786491478243 0.01480650476878509 1354
1786491480834 0.014926779607776552 1355
1786491483425 0.014833651657681912 1356
1786491486019 0.014860854600556195 1357
1786491488603 0.014917062246240675 1358
1786491491187 0.014959975727833807 1359
1786491493772 0.014863503689412028 1360
1786491496355 0.014831423643045127 1361
1786491498944 0.01484885107493028 1362
1786491501526 0.014924415212590247 1363
1786491504109 0.014912426588125527 1364
1786491506691 0.014887250494211912 1365
1786491509273 0.014826240774709731 1366
1786491511854 0.014929150755051523 1367
1786491514437 0.014971223950851709 1368
1786491517020 0.014802546007558703 1369
1786491519602 0.0149190315278247 1370
1786491522184 0.015019587764982134 1371
1786491524765 0.01493569032754749 1372
1786491527348 0.015047434892039746 1373
1786491529930 0.01492692605825141 1374
1786491532514 0.014867017802316695 1375
1786491535096 0.014976065431255847 1376
1786491537679 0.01491554215317592 1377
1786491540261 0.014975027297623456 1378
1786491542844 0.014888869423884898 1379
1786491545428 0.01497934537474066 1380
1786491548010 0.015204701980110258 1381
1786491550593 0.014946431794669479 1382
1786491553176 0.014887224999256432 1383
1786491555759 0.01503664703341201 1384
1786491558343 0.015002226224169135 1385
1786491560924 0.01501098443986848 1386
1786491563506 0.014875568624120206 1387
1786491566087 0.014936270541511476 1388
1786491568669 0.015125542762689292 1389
1786491571250 0.01506202417658642 1390
1786491573831 0.014920231828000396 1391
1786491576413 0.01504383108112961 1392
1786491578995 0.015100850898306817 1393
1786491581576 0.015121058269869536 1394
1786491584161 0.0149535852833651 1395
1786491586742 0.014876374043524265 1396
1786491589317 0.014980996202211827 1397
1786491591891 0.015092077024746686 1398
1786491594464 0.015038702869787812 1399
1786491597043 0.015013627416919917 1400
1786491599617 0.015126873389817774 1401
1786491602190 0.015057593584060669 1402
1786491604765 0.015170663653407246 1403
1786491607340 0.01503552048234269 1404
1786491609914 0.015016339777503163 1405
1786491612487 0.014950384385883808 1406
1786491615069 0.015104472462553531 1407
1786491617653 0.015048722561914474 1408
1786491620235 0.015013225318398327 1409
1786491622818 0.015091054316144437 1410
1786491625400 0.015001652645878494 1411
1786491627984 0.01498091797111556 1412
1786491630568 0.014959376130718738 1413
1786491633152 0.01498861372238025 1414
1786491635736 0.01498013234231621 1415
1786491638320 0.015120500582270324 1416
1786491640903 0.015135746914893389 1417
1786491643487 0.015001141757238656 1418
1786491646070 0.01502637134399265 1419
1786491648654 0.015190765610896051 1420
1786491651239 0.015058391843922436 1421
1786491653822 0.015104937367141247 1422
1786491656406 0.014993414341006428 1423
1786491658989 0.015179566689766943 1424
1786491661573 0.015185062948148698 1425
1786491664155 0.015015545301139355 1426
1786491666737 0.015078328142408282 1427
1786491669319 0.015229736804030836 1428
1786491671902 0.015222030400764197 1429
1786491674484 0.015114234061911702 1430
1786491677065 0.015125435893423855 1431
1786491679647 0.015061407058965415 1432
1786491682229 0.015200312715023756 1433
1786491684810 0.015159905073232949 1434
1786491687391 0.015044957515783608 1435
1786491689973 0.015065819316077977 1436
1786491692555 0.015081642428413033 1437
1786491695138 0.015208348399028182 1438
1786491697721 0.015140883915591985 1439
1786491700308 0.015215349267236888 1440
1786491702894 0.015164629905484617 1441
1786491705476 0.015097390103619546 1442
1786491708057 0.015111968386918306 1443
1786491710639 0.015215745195746422 1444
1786491713223 0.015262434899341315 1445
1786491715806 0.015135602036025375 1446
1786491718389 0.015056970354635268 1447
1786491720972 0.015076355426572263 1448
1786491723555 0.015256054466590285 1449
1786491726143 0.015346106607466936 1450
1786491728729 0.015144068223889917 1451
1786491731312 0.014998092083260417 1452
1786491733895 0.015184914867859334 1453
1786491736477 0.015207729709800333 1454
1786491739059 0.01537854946218431 1455
1786491741642 0.015294050273951143 1456
1786491744225 0.015216552303172648 1457
1786491746808 0.015200675406958908 1458
1786491749390 0.015262762550264597 1459
1786491751973 0.015128874860238284 1460
1786491754556 0.015267573646269739 1461
1786491757139 0.015362150501459837 1462
1786491759723 0.015193680359516293 1463
1786491762307 0.015202671173028648 1464
1786491764890 0.015156565001234412 1465
1786491767472 0.015226776420604438 1466
1786491770058 0.015236383653245866 1467
1786491772640 0.015289177536033094 1468
1786491775223 0.01531628507655114 1469
1786491777804 0.015299612947274 1470
1786491780386 0.015276003163307905 1471
1786491782967 0.015293561737053096 1472
1786491785550 0.015068695705849677 1473
1786491788132 0.015262881002854556 1474
1786491790713 0.015402765944600105 1475
1786491793296 0.015265274152625352 1476
1786491795877 0.015205606061499566 1477
1786491798458 0.015237781684845686 1478
1786491801039 0.015266917180269957 1479
1786491803621 0.015340134152211249 1480
1786491806202 0.015299640479497612 1481
1786491808785 0.015385855513159186 1482
1786491811367 0.015275627141818404 1483
1786491813948 0.0153087570797652 1484
1786491816530 0.015283688378985971 1485
1786491819112 0.015320193371735513 1486
1786491821695 0.015376023598946631 1487
1786491824277 0.015371688292361796 1488
1786491826860 0.015267399197909981 1489
1786491829441 0.015329480171203613 1490
1786491832023 0.015335923002567142 1491
1786491834605 0.015258460829500109 1492
1786491837191 0.015448437072336674 1493
1786491839774 0.015295234392397106 1494
1786491842347 0.015251464792527258 1495
1786491844920 0.015354045841377228 1496
1786491847493 0.015302677813451737 1497
1786491850067 0.015479449590202421 1498
1786491852640 0.015349530731327832 1499
1786491857672 0.015253255725838244 1500
1786491860247 0.01545580237871036 1501
1786491862822 0.015500249923206866 1502
1786491865396 0.015421078482177109 1503
1786491867970 0.015360595716629177 1504
1786491870544 0.015475186810363084 1505
1786491873119 0.015331148344557732 1506
1786491875693 0.01544099603779614 1507
1786491878267 0.015387449355330318 1508
1786491880841 0.015401585318613797 1509
1786491883416 0.015466775104869157 1510
1786491885990 0.015358283766545355 1511
1786491888564 0.015386070590466261 1512
1786491891141 0.015371443063486367 1513
1786491893717 0.01535087072988972 1514
1786491896294 0.015450396691448987 1515
1786491898869 0.015546781825833023 1516
1786491901443 0.015498726686928421 1517
1786491904018 0.015490218705963343 1518
1786491906601 0.01537297386676073 1519
1786491909176 0.015318760881200433 1520
1786491911750 0.015363581012934446 1521
1786491914326 0.015530314645729959 1522
1786491916901 0.01549511484336108 1523
1786491919475 0.015275707934051752 1524
1786491922054 0.01548577513312921 1525
1786491924638 0.015498999156989157 1526
1786491927221 0.015388803614769131 1527
1786491929805 0.015503710485063493 1528
1786491932388 0.015415778092574328 1529
1786491934971 0.015556874219328165 1530
1786491937555 0.015389944892376661 1531
1786491940139 0.015464554075151682 1532
1786491942722 0.015517162100877613 1533
1786491945305 0.015530713077168912 1534
1786491947887 0.015442868694663048 1535
1786491950472 0.015548773866612464 1536
1786491953055 0.015505583840422332 1537
1786491955637 0.015438455389812589 1538
1786491958221 0.015429539605975151 1539
1786491960804 0.015551274875178933 1540
1786491963386 0.015519095526542515 1541
1786491965968 0.015578225022181869 1542
1786491968553 0.015381481673102826 1543
1786491971139 0.015458124515134841 1544
1786491973725 0.01569460646715015 1545
1786491976310 0.015606471395585686 1546
1786491978893 0.015509556862525642 1547
1786491981477 0.01555268734227866 1548
1786491984062 0.015579921193420887 1549
1786491986648 0.015571837080642581 1550
1786491989233 0.015609102905727923 1551
1786491991818 0.015634875162504613 1552
1786491994401 0.015638439683243632 1553
1786491996986 0.015525643364526331 1554
1786491999573 0.015584369422867894 1555
1786492002156 0.015705380297731608 1556
1786492004739 0.01538037258433178 1557
1786492007322 0.015522233268711716 1558
1786492009904 0.015698720701038837 1559
1786492012487 0.01561687106732279 1560
1786492015070 0.015455641434527934 1561
1786492017653 0.015527678362559527 1562
1786492020236 0.015577705227769911 1563
1786492022820 0.01577205292414874 1564
1786492025403 0.01575423136819154 1565
1786492027986 0.015636782569345087 1566
1786492030569 0.01568503346061334 1567
1786492033152 0.015653958136681467 1568
1786492035734 0.015618844248820096 1569
1786492038316 0.015562310290988535 1570
1786492040899 0.015658914402592927 1571
1786492043483 0.015713109634816647 1572
1786492046065 0.01565099332947284 1573
1786492048649 0.015488251345232129 1574
1786492051232 0.015624103543814272 1575
1786492053818 0.015481348789762706 1576
1786492056403 0.015756852342747152 1577
1786492058987 0.015682721859775484 1578
1786492061570 0.015396053378935903 1579
1786492064152 0.01568396989023313 1580
1786492066734 0.015784839866682887 1581
1786492069316 0.015723098476883024 1582
1786492071899 0.0156661513610743 1583
1786492074481 0.015579517872538418 1584
1786492077064 0.01573369960533455 1585
1786492079646 0.015622477629221976 1586
1786492082229 0.01579162763664499 1587
1786492084811 0.015737161389552057 1588
1786492087394 0.015579076658468693 1589
1786492089978 0.015440516348462552 1590
1786492092560 0.015534182253759354 1591
1786492095143 0.015682186640333384 1592
1786492097724 0.015677996329031885 1593
1786492100306 0.01563904562499374 1594
1786492102890 0.015591680421493948 1595
1786492105474 0.0156573501881212 1596
1786492108057 0.015542442677542567 1597
1786492110641 0.015729882405139506 1598
1786492113225 0.015674669353757054 1599
1786492115809 0.01560552598675713 1600
1786492118393 0.01568224042421207 1601
1786492120980 0.01572288724128157 1602
1786492123567 0.015770506637636572 1603
1786492126148 0.015860586834605783 1604
1786492128730 0.01566004753112793 1605
1786492131313 0.015717044938355684 1606
1786492133900 0.015708976658061147 1607
1786492136486 0.0157008747337386 1608
1786492139071 0.01577943266602233 1609
1786492141656 0.015695436974056065 1610
1786492144241 0.015603838255628943 1611
1786492146828 0.01585400546900928 1612
1786492149411 0.015670789522118866 1613
1786492151995 0.015689857362303883 1614
1786492154580 0.015788237855304033 1615
1786492157164 0.015798586595337838 1616
1786492159748 0.015778378176037222 1617
1786492162331 0.015702570090070367 1618
1786492164915 0.015668592357542366 1619
1786492167498 0.015799534448888153 1620
1786492170081 0.015733324573375285 1621
1786492172665 0.015805535309482366 1622
1786492175249 0.015739618509542197 1623
1786492177833 0.01583386946003884 1624
1786492180417 0.015868926129769534 1625
1786492183001 0.015802324400283396 1626
1786492185585 0.015811281104106456 1627
1786492188169 0.0159034650423564 1628
1786492190753 0.015705312485806644 1629
1786492193338 0.015519412991125137 1630
1786492195928 0.015696775866672397 1631
1786492198514 0.015846289112232625 1632
1786492201097 0.015816706290934235 1633
1786492203680 0.015720820345450193 1634
1786492206262 0.015701652562711388 1635
1786492208846 0.015894070907961577 1636
1786492211428 0.015873569762334228 1637
1786492214011 0.01572149631101638 1638
1786492216592 0.0157390006352216 1639
1786492219176 0.01587419374845922 1640
1786492221759 0.015947186097037047 1641
1786492224343 0.015691356209572405 1642
1786492226928 0.015698881063144654 1643
1786492229512 0.0158317654277198 1644
1786492232095 0.015888736001215875 1645
1786492234679 0.015859053179156035 1646
1786492237263 0.015974637761246413 1647
1786492239847 0.015898481011390686 1648
1786492242430 0.015904684725683182 1649
1786492245014 0.015834910445846617 1650
1786492247598 0.015758009161800146 1651
1786492250186 0.015822841553017497 1652
1786492252772 0.0158194147516042 1653
1786492255348 0.01574473618529737 1654
1786492257924 0.015852950105909258 1655
1786492260498 0.01568722480442375 1656
1786492263073 0.01592490653274581 1657
1786492265648 0.015893739240709692 1658
1786492268225 0.015811156306881458 1659
1786492270808 0.015949421445839107 1660
1786492273391 0.015773090242873877 1661
1786492275975 0.015976449940353632 1662
1786492278562 0.01591776736313477 1663
1786492281146 0.01567983371205628 1664
1786492283730 0.01597112911986187 1665
1786492286317 0.015923971077427268 1666
1786492288902 0.01596965012140572 1667
1786492291487 0.016009249608032405 1668
1786492294071 0.01590639486676082 1669
1786492296656 0.01597125071566552 1670
1786492299240 0.01575904048513621 1671
1786492301825 0.01581536146113649 1672
1786492304409 0.015987461898475885 1673
1786492306993 0.01599049149081111 1674
1786492309578 0.015758023306261748 1675
1786492312166 0.01586563646560535 1676
1786492314751 0.01598221849417314 1677
1786492317337 0.01585381419863552 1678
1786492319921 0.015901394363027066 1679
1786492322507 0.015921420883387327 1680
1786492325092 0.015926991880405694 1681
1786492327676 0.015909755311440676 1682
1786492330260 0.01595278613967821 1683
1786492332844 0.015863603679463267 1684
1786492335423 0.015822228451725096 1685
1786492337997 0.015951720590237528 1686
1786492340572 0.01597662956919521 1687
1786492343146 0.015791251615155488 1688
1786492345721 0.015824718051590025 1689
1786492348295 0.015894057869445533 1690
1786492350871 0.015951636829413474 1691
1786492353447 0.016025863704271615 1692
1786492356023 0.015816189348697662 1693
1786492358599 0.015900654019787908 1694
1786492361173 0.015953741443809122 1695
1786492363747 0.016080879722721875 1696
1786492366321 0.015954436908941716 1697
1786492368895 0.01590021513402462 1698
1786492371470 0.01589709852123633 1699
1786492374045 0.01594056817702949 1700
1786492376619 0.015866707952227443 1701
1786492379193 0.016016439301893115 1702
1786492381767 0.01605139416642487 1703
1786492384342 0.015825685753952712 1704
1786492386917 0.015895551478024572 1705
1786492389491 0.016134927631355822 1706
1786492392065 0.015971316606737673 1707
1786492394639 0.016022645751945674 1708
1786492397214 0.015906070242635906 1709
1786492399788 0.01583474688231945 1710
1786492402362 0.01575907494407147 1711
1786492404936 0.016030127415433526 1712
1786492407510 0.015994692512322217 1713
1786492410085 0.015849095419980586 1714
1786492412659 0.015912506030872464 1715
1786492415236 0.016115544247440994 1716
1786492417811 0.016142168547958136 1717
1786492420385 0.015942931757308543 1718
1786492422959 0.01600084058009088 1719
1786492425534 0.015999849885702133 1720
1786492428108 0.016094763530418277 1721
1786492430682 0.01594332093372941 1722
1786492433258 0.015980853815563023 1723
1786492435834 0.016121938242577016 1724
1786492438408 0.01602820842526853 1725
1786492440982 0.015951161039993167 1726
1786492443556 0.016215069801546633 1727
1786492446131 0.016043848707340658 1728
1786492448706 0.01590678805951029 1729
1786492451280 0.016021777177229524 1730
1786492453854 0.016140806721523404 1731
1786492456428 0.016115660779178143 1732
1786492459006 0.016168564441613853 1733
1786492461579 0.016081104055047035 1734
1786492464154 0.015998808317817748 1735
1786492466729 0.016056647466029972 1736
1786492469303 0.01600866817170754 1737
1786492471877 0.01617198419990018 1738
1786492474451 0.016137910657562315 1739
1786492477025 0.016056201420724392 1740
1786492479607 0.01613514730706811 1741
1786492482191 0.016089439392089844 1742
1786492484773 0.016213780152611434 1743
1786492487355 0.01599547208752483 1744
1786492489937 0.016096131643280387 1745
1786492492523 0.01612034090794623 1746
1786492495107 0.01607280015014112 1747
1786492497690 0.01600983866956085 1748
1786492500274 0.01607304543722421 1749
1786492502856 0.016195310628972948 1750
1786492505440 0.01611498068086803 1751
1786492508024 0.01599813689244911 1752
1786492510606 0.01603422441985458 1753
1786492513191 0.016220615478232503 1754
1786492515777 0.016041790135204792 1755
1786492518363 0.016123422188684344 1756
1786492520947 0.01622242806479335 1757
1786492523532 0.016301295370794833 1758
1786492526117 0.016196017852053046 1759
1786492528702 0.016028100973926485 1760
1786492531290 0.01616417500190437 1761
1786492533875 0.01616972009651363 1762
1786492536460 0.016118152590934187 1763
1786492539045 0.01622417091857642 1764
1786492541629 0.016171144670806825 1765
1786492544215 0.01613533857744187 1766
1786492546806 0.016158431360963732 1767
1786492549389 0.016333095380105078 1768
1786492551973 0.016053287661634386 1769
1786492554556 0.016125193214975297 1770
1786492557140 0.016198554658330977 1771
1786492559724 0.016175126656889915 1772
1786492562301 0.016135124140419066 1773
1786492564878 0.016083139926195145 1774
1786492567454 0.016283650998957455 1775
1786492570030 0.0161730534164235 1776
1786492572605 0.01609295653179288 1777
1786492575181 0.016122414846904576 1778
1786492577762 0.016094179009087384 1779
1786492580354 0.016214526491239667 1780
1786492582937 0.016265896381810308 1781
1786492585521 0.016056045540608466 1782
1786492588104 0.01616179442498833 1783
1786492590688 0.01625021919608116 1784
1786492593271 0.016102685767691582 1785
1786492595850 0.01610565057490021 1786
1786492598424 0.01629262149799615 1787
1786492600999 0.016317766392603517 1788
1786492603573 0.01614824589341879 1789
1786492606148 0.01617758336942643 1790
1786492608722 0.016164278145879507 1791
1786492611296 0.016208985703997314 1792
1786492613872 0.01618501264601946 1793
1786492616446 0.016161966836079955 1794
1786492619020 0.01620125991757959 1795
1786492621594 0.016262214863672853 1796
1786492624168 0.016232730937190354 1797
1786492626742 0.016261573997326195 1798
1786492629318 0.01632325618993491 1799
1786492631893 0.016114222584292293 1800
1786492634470 0.016261347569525242 1801
1786492637045 0.016158824786543846 1802
1786492639619 0.016254210961051285 1803
1786492642194 0.016349344048649073 1804
1786492644770 0.016356572741642594 1805
1786492647348 0.01620888849720359 1806
1786492649923 0.016295039327815175 1807
1786492652498 0.01631353050470352 1808
1786492655072 0.016333650681190193 1809
1786492657646 0.01622904185205698 1810
1786492660221 0.016211916459724307 1811
1786492662795 0.016283525968901813 1812
1786492665370 0.01623452070634812 1813
1786492667944 0.01628195878583938 1814
1786492670519 0.016378812724724412 1815
1786492673094 0.016364980721846223 1816
1786492675669 0.01630741939879954 1817
1786492678246 0.016315391287207603 1818
1786492680820 0.016363792470656335 1819
1786492683395 0.016328386729583144 1820
1786492685970 0.01626667322125286 1821
1786492688544 0.016289241728372872 1822
1786492691119 0.016282425145618618 1823
1786492693704 0.016205209074541926 1824
1786492696292 0.016482651815749705 1825
1786492698877 0.016262135817669332 1826
1786492701461 0.016262384480796754 1827
1786492704046 0.016325822449289262 1828
1786492706632 0.01634430733975023 1829
1786492709220 0.01644364884123206 1830
1786492711805 0.01634293282404542 1831
1786492714390 0.016268769395537674 1832
1786492716975 0.016264790785498917 1833
1786492719561 0.016251688823103905 1834
1786492722146 0.01631963171530515 1835
1786492724732 0.01638019143138081 1836
1786492727316 0.016232610680162907 1837
1786492729900 0.016259804950095713 1838
1786492732486 0.01643746451009065 1839
1786492735071 0.016295778448693454 1840
1786492737656 0.016410532873123884 1841
1786492740242 0.01637140370439738 1842
1786492742827 0.01620908739278093 1843
1786492745413 0.01636839914135635 1844
1786492747999 0.016381550463847816 1845
1786492750584 0.016281948192045093 1846
1786492753169 0.016266417573206127 1847
1786492755755 0.016395576880313456 1848
1786492758339 0.016302672447636724 1849
1786492760924 0.01644912955816835 1850
1786492763509 0.016423289547674358 1851
1786492766094 0.01639591553248465 1852
1786492768680 0.016360746696591377 1853
1786492771264 0.01641341927461326 1854
1786492773850 0.01639564021024853 1855
1786492776435 0.01630447118077427 1856
1786492779020 0.016285398392938077 1857
1786492781604 0.016298954491503537 1858
1786492784189 0.01632079458795488 1859
1786492786774 0.016446239314973354 1860
1786492789358 0.016459840117022395 1861
1786492791943 0.016288747894577682 1862
1786492794531 0.016341808368451893 1863
1786492797119 0.016243181540630758 1864
1786492799705 0.016408214811235666 1865
1786492802290 0.016392444260418415 1866
1786492804876 0.01642565685324371 1867
1786492807473 0.016335417865775526 1868
1786492810059 0.016338134882971644 1869
1786492812644 0.016468735644593835 1870
1786492815230 0.016394922393374145 1871
1786492817815 0.016553627559915185 1872
1786492820400 0.016366756055504084 1873
1786492822986 0.016515321447513998 1874
1786492825571 0.01632514374796301 1875
1786492828154 0.016330045415088534 1876
1786492830737 0.016457026591524482 1877
1786492833320 0.016359908040612936 1878
1786492835903 0.016378518426790833 1879
1786492838486 0.016379468608647585 1880
1786492841070 0.016399273183196783 1881
1786492843653 0.0165537444408983 1882
1786492846236 0.016487401095218956 1883
1786492848819 0.016385683440603316 1884
1786492851403 0.01648639317136258 1885
1786492853988 0.01661988440901041 1886
1786492856571 0.016576472902670503 1887
1786492859154 0.016494743060320616 1888
1786492861736 0.016538187046535313 1889
1786492864319 0.016395808896049857 1890
1786492866902 0.016524427221156657 1891
1786492869485 0.016539462958462536 1892
1786492872067 0.016549840569496155 1893
1786492874650 0.016348356497474015 1894
1786492877233 0.016405577887780964 1895
1786492879815 0.01642202027142048 1896
1786492882397 0.016404755180701613 1897
1786492884980 0.016328902216628194 1898
1786492887562 0.01649044477380812 1899
1786492890145 0.016596670262515545 1900
1786492892728 0.016437714570201933 1901
1786492895311 0.01647071004845202 1902
1786492897896 0.016422750893980265 1903
1786492900480 0.01660125923808664 1904
1786492903065 0.016532261623069644 1905
1786492905651 0.01634543272666633 1906
1786492908238 0.016449982998892665 1907
1786492910827 0.01659401331562549 1908
1786492913413 0.016614340245723724 1909
1786492916000 0.016415401943959296 1910
1786492918586 0.01639282749965787 1911
1786492921170 0.016463824547827244 1912
1786492923756 0.016592735424637794 1913
1786492926341 0.01647136569954455 1914
1786492928926 0.016425591195002198 1915
1786492931510 0.016471620998345315 1916
1786492934095 0.016541072400286794 1917
1786492936680 0.01644636073615402 1918
1786492939266 0.016478818142786622 1919
1786492941851 0.016547848470509052 1920
1786492944436 0.016651354380883276 1921
1786492947021 0.01645958819426596 1922
1786492949606 0.016504886792972684 1923
1786492952191 0.016452123294584453 1924
1786492954775 0.016582675045356154 1925
1786492957360 0.016628312994726002 1926
1786492959945 0.01651366427540779 1927
1786492962530 0.016585202771238983 1928
1786492965114 0.016409492935054004 1929
1786492967699 0.016501968260854483 1930
1786492970285 0.01650782546494156 1931
1786492972877 0.016501059872098267 1932
1786492975462 0.01654499361757189 1933
1786492978045 0.016481992439366877 1934
1786492980629 0.01666508859489113 1935
1786492983213 0.016556588816456497 1936
1786492985801 0.016525153652764857 1937
1786492988386 0.016493831179104745 1938
1786492990971 0.016499167075380683 1939
1786492993556 0.016437719576060772 1940
1786492996142 0.016509248525835574 1941
1786492998726 0.01664315047673881 1942
1786493001314 0.016571250394918025 1943
1786493003898 0.01648098463192582 1944
1786493006483 0.016655031708069146 1945
1786493009067 0.016696427715942264 1946
1786493011653 0.016605086741037667 1947
1786493014237 0.016471459879539907 1948
1786493016821 0.016659074928611517 1949
1786493019405 0.016453616321086884 1950
1786493021990 0.016585180070251226 1951
1786493024574 0.01663799094967544 1952
1786493027159 0.016747394925914705 1953
1786493029744 0.01662029093131423 1954
1786493032329 0.01671103877015412 1955
1786493034914 0.016661168891005218 1956
1786493037500 0.01652497483883053 1957
1786493040087 0.01654733729083091 1958
1786493042671 0.016680769971571863 1959
1786493045257 0.016517769312486053 1960
1786493047842 0.016606785007752478 1961
1786493050426 0.01670232100877911 1962
1786493053011 0.01674436021130532 1963
1786493055596 0.016613503103144467 1964
1786493058181 0.016520907171070576 1965
1786493060765 0.016477827448397875 1966
1786493063351 0.016596740810200572 1967
1786493065936 0.016647469834424555 1968
1786493068520 0.016705370624549687 1969
1786493071106 0.016711954376660287 1970
1786493073691 0.016801495803520083 1971
1786493076277 0.016676949337124825 1972
1786493078861 0.01666373631451279 1973
1786493081446 0.016550636035390198 1974
1786493084031 0.016679891967214644 1975
1786493086615 0.01659870846197009 1976
1786493089201 0.016627001343294978 1977
1786493091787 0.016598098911345005 1978
1786493094372 0.016753889503888786 1979
1786493096957 0.016732526128180325 1980
1786493099542 0.016322483075782657 1981
1786493102126 0.01653529715258628 1982
1786493104712 0.016742768697440624 1983
1786493107297 0.0166534052696079 1984
1786493109881 0.01660165563225746 1985
1786493112465 0.016559287323616445 1986
1786493115050 0.016597693436779082 1987
1786493117637 0.01674754044506699 1988
1786493120221 0.016829426982440054 1989
1786493122805 0.016712293843738735 1990
1786493125389 0.01662908389698714 1991
1786493127973 0.016602127463556826 1992
1786493130557 0.01651819481048733 1993
1786493133141 0.016546268481761217 1994
1786493135725 0.016513781039975584 1995
1786493138312 0.016649787430651486 1996
1786493140898 0.0166028153616935 1997
1786493143484 0.016680140746757388 1998
1786493146067 0.0167221698211506 1999
